   5.55078405707100e-12
   5.65967407389779e-12
   5.77069743290437e-12
   5.88389586716321e-12
   5.99931192428316e-12
   6.11698898207210e-12
   6.23697126882277e-12
   6.35930386968287e-12
   6.48403275578649e-12
   6.61120479384289e-12
   6.74086776620794e-12
   6.87307038633241e-12
   7.00786232259948e-12
   7.14529420870030e-12
   7.28541766686341e-12
   7.42828533058670e-12
   7.57395085460289e-12
   7.72246894980054e-12
   7.87389538723446e-12
   8.02828702839652e-12
   8.18570184872619e-12
   8.34619894609326e-12
   8.50983857962614e-12
   8.67668218126103e-12
   8.84679238051056e-12
   9.02023303174080e-12
   9.19706923407868e-12
   9.37736735551373e-12
   9.56119505992376e-12
   9.74862132895621e-12
   9.93971649447162e-12
   1.01345522562507e-11
   1.03332017149752e-11
   1.05357393950397e-11
   1.07422412762153e-11
   1.09527848210927e-11
   1.11674489985527e-11
   1.13863143227209e-11
   1.16094628730951e-11
   1.18369783334463e-11
   1.20689460147880e-11
   1.23054529023525e-11
   1.25465876626275e-11
   1.27924407045293e-11
   1.30431041842426e-11
   1.32986720698391e-11
   1.35592401537431e-11
   1.38249060967464e-11
   1.40957694592619e-11
   1.43719317543887e-11
   1.46534964554996e-11
   1.49405690727782e-11
   1.52332571555253e-11
   1.55316703614484e-11
   1.58359204763234e-11
   1.61461214698829e-11
   1.64623895314665e-11
   1.67848431132025e-11
   1.71136029738439e-11
   1.74487922302795e-11
   1.77905363920764e-11
   1.81389634131246e-11
   1.84942037486986e-11
   1.88563903881620e-11
   1.92256589133931e-11
   1.96021475433870e-11
   1.99859971949988e-11
   2.03773515316945e-11
   2.07763570034465e-11
   2.11831629191667e-11
   2.15979214950590e-11
   2.20207879176177e-11
   2.24519203821394e-11
   2.28914801775765e-11
   2.33396317235329e-11
   2.37965426387729e-11
   2.42623838187486e-11
   2.47373294767947e-11
   2.52215572050736e-11
   2.57152480845719e-11
   2.62185866911155e-11
   2.67317612076729e-11
   2.72549634711645e-11
   2.77883890636037e-11
   2.83322373618882e-11
   2.88867116278431e-11
   2.94520190784338e-11
   3.00283709670411e-11
   3.06159826492641e-11
   3.12150736703586e-11
   3.18258678558604e-11
   3.24485933806676e-11
   3.30834828530871e-11
   3.37307734214001e-11
   3.43907068260684e-11
   3.50635295281928e-11
   3.57494927708110e-11
   3.64488526913008e-11
   3.71618703975194e-11
   3.78888120859858e-11
   3.86299491274703e-11
   3.93855581624416e-11
   4.01559212216820e-11
   4.09413258075662e-11
   4.17420650208738e-11
   4.25584376567872e-11
   4.33907483208184e-11
   4.42393075351083e-11
   4.51044318612781e-11
   4.59864440209379e-11
   4.68856729947034e-11
   4.78024541705175e-11
   4.87371294380058e-11
   4.96900473457460e-11
   5.06615632102736e-11
   5.16520392461738e-11
   5.26618447192905e-11
   5.36913560642941e-11
   5.47409570154939e-11
   5.58110387874195e-11
   5.69020001737578e-11
   5.80142477249561e-11
   5.91481958797173e-11
   6.03042671391714e-11
   6.14828922029304e-11
   6.26845101394191e-11
   6.39095685345197e-11
   6.51585236699274e-11
   6.64318407018262e-11
   6.77299937945568e-11
   6.90534663350172e-11
   7.04027510908819e-11
   7.17783503872162e-11
   7.31807763253515e-11
   7.46105509278317e-11
   7.60682063434529e-11
   7.75542850720809e-11
   7.90693401267131e-11
   8.06139352632957e-11
   8.21886451663602e-11
   8.37940556826644e-11
   8.54307640258243e-11
   8.70993789976742e-11
   8.88005212057057e-11
   9.05348233044831e-11
   9.23029302237480e-11
   9.41054993981172e-11
   9.59432010239526e-11
   9.78167182873280e-11
   9.97267476368833e-11
   1.01673999022024e-10
   1.03659196167178e-10
   1.05683076813264e-10
   1.07746393031573e-10
   1.09849911462878e-10
   1.11994413619324e-10
   1.14180696160475e-10
   1.16409571203982e-10
   1.18681866583366e-10
   1.20998426213974e-10
   1.23360110345881e-10
   1.25767795910781e-10
   1.28222376849238e-10
   1.30724764405459e-10
   1.33275887493230e-10
   1.35876693043309e-10
   1.38528146300891e-10
   1.41231231253663e-10
   1.43986950931440e-10
   1.46796327795812e-10
   1.49660404139166e-10
   1.52580242399019e-10
   1.55556925651738e-10
   1.58591557913744e-10
   1.61685264603574e-10
   1.64839192912700e-10
   1.68054512288162e-10
   1.71332414779318e-10
   1.74674115557328e-10
   1.78080853293968e-10
   1.81553890665532e-10
   1.85094514805216e-10
   1.88704037708387e-10
   1.92383796839955e-10
   1.96135155489374e-10
   1.99959503382880e-10
   2.03858257134437e-10
   2.07832860771672e-10
   2.11884786250555e-10
   2.16015534032650e-10
   2.20226633612784e-10
   2.24519644072089e-10
   2.28896154656295e-10
   2.33357785392202e-10
   2.37906187566412e-10
   2.42543044518126e-10
   2.47270072034725e-10
   2.52089019194685e-10
   2.57001668848593e-10
   2.62009838312200e-10
   2.67115380094589e-10
   2.72320182489067e-10
   2.77626170329661e-10
   2.83035305637859e-10
   2.88549588408588e-10
   2.94171057244633e-10
   2.99901790217856e-10
   3.05743905548945e-10
   3.11699562371775e-10
   3.17770961585637e-10
   3.23960346624640e-10
   3.30270004271518e-10
   3.36702265487545e-10
   3.43259506299119e-10
   3.49944148621330e-10
   3.56758661169857e-10
   3.63705560354943e-10
   3.70787411195372e-10
   3.78006828273769e-10
   3.85366476656188e-10
   3.92869072874858e-10
   4.00517385967432e-10
   4.08314238395364e-10
   4.16262507158555e-10
   4.24365124799821e-10
   4.32625080504473e-10
   4.41045421123407e-10
   4.49629252378373e-10
   4.58379739897300e-10
   4.67300110467496e-10
   4.76393653105517e-10
   4.85663720350542e-10
   4.95113729430811e-10
   5.04747163514466e-10
   5.14567572969520e-10
   5.24578576715631e-10
   5.34783863454447e-10
   5.45187193062885e-10
   5.55792397933997e-10
   5.66603384470466e-10
   5.77624134342689e-10
   5.88858706006575e-10
   6.00311236257457e-10
   6.11985941657068e-10
   6.23887120043790e-10
   6.36019152156276e-10
   6.48386503174855e-10
   6.60993724392005e-10
   6.73845454842205e-10
   6.86946422970749e-10
   7.00301448409867e-10
   7.13915443608376e-10
   7.27793415794164e-10
   7.41940468630504e-10
   7.56361804155278e-10
   7.71062724602911e-10
   7.86048634447043e-10
   8.01325042235034e-10
   8.16897562650142e-10
   8.32771918532482e-10
   8.48953943014711e-10
   8.65449581472548e-10
   8.82264893887097e-10
   8.99406056908704e-10
   9.16879366159166e-10
   9.34691238434633e-10
   9.52848214140733e-10
   9.71356959563861e-10
   9.90224269404122e-10
   1.00945706901760e-09
   1.02906241724541e-09
   1.04904750866599e-09
   1.06941967641217e-09
   1.09018639463041e-09
   1.11135528142248e-09
   1.13293410144286e-09
   1.15493076869833e-09
   1.17735334950515e-09
   1.20021006533122e-09
   1.22350929582938e-09
   1.24725958180780e-09
   1.27146962836037e-09
   1.29614830802040e-09
   1.32130466391301e-09
   1.34694791309688e-09
   1.37308744983275e-09
   1.39973284901911e-09
   1.42689386964641e-09
   1.45458045826960e-09
   1.48280275269502e-09
   1.51157108557243e-09
   1.54089598813357e-09
   1.57078819399640e-09
   1.60125864307070e-09
   1.63231848545394e-09
   1.66397908553728e-09
   1.69625202601454e-09
   1.72914911204834e-09
   1.76268237570219e-09
   1.79686408003128e-09
   1.83170672366491e-09
   1.86722304531549e-09
   1.90342602830080e-09
   1.94032890523622e-09
   1.97794516281267e-09
   2.01628854671627e-09
   2.05537306648557e-09
   2.09521300058635e-09
   2.13582290155255e-09
   2.17721760125976e-09
   2.21941221631888e-09
   2.26242215330201e-09
   2.30626311445223e-09
   2.35095110341128e-09
   2.39650243070354e-09
   2.44293372000140e-09
   2.49026191356602e-09
   2.53850427889764e-09
   2.58767841468485e-09
   2.63780225693240e-09
   2.68889408581308e-09
   2.74097253191921e-09
   2.79405658320817e-09
   2.84816559154603e-09
   2.90331927986603e-09
   2.95953774910663e-09
   3.01684148573460e-09
   3.07525136859375e-09
   3.13478867692205e-09
   3.19547509747498e-09
   3.25733273285555e-09
   3.32038410903703e-09
   3.38465218354760e-09
   3.45016035372809e-09
   3.51693246513810e-09
   3.58499282021443e-09
   3.65436618663331e-09
   3.72507780657503e-09
   3.79715340549241e-09
   3.87061920155591e-09
   3.94550191484859e-09
   4.02182877700417e-09
   4.09962754105777e-09
   4.17892649112822e-09
   4.25975445297103e-09
   4.34214080374334e-09
   4.42611548307450e-09
   4.51170900327597e-09
   4.59895246073172e-09
   4.68787754646705e-09
   4.77851655807701e-09
   4.87090241087880e-09
   4.96506864984193e-09
   5.06104946135940e-09
   5.15887968589025e-09
   5.25859482999801e-09
   5.36023107914969e-09
   5.46382531076123e-09
   5.56941510730118e-09
   5.67703876955859e-09
   5.78673533062857e-09
   5.89854456949535e-09
   6.01250702555049e-09
   6.12866401276984e-09
   6.24705763458720e-09
   6.36773079907105e-09
   6.49072723387579e-09
   6.61609150212707e-09
   6.74386901818664e-09
   6.87410606378873e-09
   7.00684980469633e-09
   7.14214830732438e-09
   7.28005055605962e-09
   7.42060647044914e-09
   7.56386692311371e-09
   7.70988375811837e-09
   7.85870980885275e-09
   8.01039891732406e-09
   8.16500595317729e-09
   8.32258683317705e-09
   8.48319854094581e-09
   8.64689914778334e-09
   8.81374783224317e-09
   8.98380490278159e-09
   9.15713181742453e-09
   9.33379120705910e-09
   9.51384689668674e-09
   9.69736392877327e-09
   9.88440858586941e-09
   1.00750484144618e-08
   1.02693522488517e-08
   1.04673902357166e-08
   1.06692338585179e-08
   1.08749559636129e-08
   1.10846307854416e-08
   1.12983339734017e-08
   1.15161426183440e-08
   1.17381352798955e-08
   1.19643920143374e-08
   1.21949944032363e-08
   1.24300255822230e-08
   1.26695702701307e-08
   1.29137147994733e-08
   1.31625471468443e-08
   1.34161569640720e-08
   1.36746356096825e-08
   1.39380761820046e-08
   1.42065735511906e-08
   1.44802243933471e-08
   1.47591272249826e-08
   1.50433824368681e-08
   1.53330923308207e-08
   1.56283611547210e-08
   1.59292951402324e-08
   1.62360025398806e-08
   1.65485936654688e-08
   1.68671809268992e-08
   1.71918788722277e-08
   1.75228042277352e-08
   1.78600759396303e-08
   1.82038152152427e-08
   1.85541455667557e-08
   1.89111928542461e-08
   1.92750853301196e-08
   1.96459536844126e-08
   2.00239310911794e-08
   2.04091532549342e-08
   2.08017584591834e-08
   2.12018876143303e-08
   2.16096843079063e-08
   2.20252948553099e-08
   2.24488683506636e-08
   2.28805567202729e-08
   2.33205147754580e-08
   2.37689002670689e-08
   2.42258739414602e-08
   2.46915995966464e-08
   2.51662441403596e-08
   2.56499776483241e-08
   2.61429734243102e-08
   2.66454080612258e-08
   2.71574615032584e-08
   2.76793171083525e-08
   2.82111617140764e-08
   2.87531857018745e-08
   2.93055830649030e-08
   2.98685514757817e-08
   3.04422923559866e-08
   3.10270109471055e-08
   3.16229163821138e-08
   3.22302217591149e-08
   3.28491442168301e-08
   3.34799050092572e-08
   3.41227295850788e-08
   3.47778476653700e-08
   3.54454933247250e-08
   3.61259050735308e-08
   3.68193259407777e-08
   3.75260035604315e-08
   3.82461902571317e-08
   3.89801431351613e-08
   3.97281241684505e-08
   4.04904002918709e-08
   4.12672434956546e-08
   4.20589309200221e-08
   4.28657449513759e-08
   4.36879733227370e-08
   4.45259092134582e-08
   4.53798513519321e-08
   4.62501041202053e-08
   4.71369776596568e-08
   4.80407879808168e-08
   4.89618570731871e-08
   4.99005130164687e-08
   5.08570900978862e-08
   5.18319289259414e-08
   5.28253765523429e-08
   5.38377865903265e-08
   5.48695193407301e-08
   5.59209419155756e-08
   5.69924283674237e-08
   5.80843598201825e-08
   5.91971246006627e-08
   6.03311183751898e-08
   6.14867442868687e-08
   6.26644130968528e-08
   6.38645433273310e-08
   6.50875614066545e-08
   6.63339018185997e-08
   6.76040072539738e-08
   6.88983287634569e-08
   7.02173259168121e-08
   7.15614669605829e-08
   7.29312289828766e-08
   7.43270980787439e-08
   7.57495695186785e-08
   7.71991479223249e-08
   7.86763474319482e-08
   8.01816918937815e-08
   8.17157150380308e-08
   8.32789606652539e-08
   8.48719828356484e-08
   8.64953460608720e-08
   8.81496255001263e-08
   8.98354071613090e-08
   9.15532881022398e-08
   9.33038766408420e-08
   9.50877925626809e-08
   9.69056673393669e-08
   9.87581443459124e-08
   1.00645879084667e-07
   1.02569539411878e-07
   1.04529805770286e-07
   1.06527371424722e-07
   1.08562942701661e-07
   1.10637239234804e-07
   1.12750994214854e-07
   1.14904954642182e-07
   1.17099881586747e-07
   1.19336550451342e-07
   1.21615751240133e-07
   1.23938288831585e-07
   1.26304983257585e-07
   1.28716669987511e-07
   1.31174200216818e-07
   1.33678441161401e-07
   1.36230276357740e-07
   1.38830605968178e-07
   1.41480347093050e-07
   1.44180434086134e-07
   1.46931818878707e-07
   1.49735471308550e-07
   1.52592379454013e-07
   1.55503549976595e-07
   1.58470008466604e-07
   1.61492799800255e-07
   1.64572988497555e-07
   1.67711659090592e-07
   1.70909916498763e-07
   1.74168886409075e-07
   1.77489715663847e-07
   1.80873572658468e-07
   1.84321647741634e-07
   1.87835153626972e-07
   1.91415325811144e-07
   1.95063423000744e-07
   1.98780727542895e-07
   2.02568545869963e-07
   2.06428208948581e-07
   2.10361072737918e-07
   2.14368518656676e-07
   2.18451954057827e-07
   2.22612812715963e-07
   2.26852555315953e-07
   2.31172669960476e-07
   2.35574672677520e-07
   2.40060107946865e-07
   2.44630549226351e-07
   2.49287599495007e-07
   2.54032891805237e-07
   2.58868089842508e-07
   2.63794888497666e-07
   2.68815014449115e-07
   2.73930226756146e-07
   2.79142317465325e-07
   2.84453112220627e-07
   2.89864470895649e-07
   2.95378288230836e-07
   3.00996494480970e-07
   3.06721056082948e-07
   3.12553976324908e-07
   3.18497296037685e-07
   3.24553094293282e-07
   3.30723489119406e-07
   3.37010638222213e-07
   3.43416739731898e-07
   3.49944032949943e-07
   3.56594799122814e-07
   3.63371362219859e-07
   3.70276089730052e-07
   3.77311393474389e-07
   3.84479730433597e-07
   3.91783603584782e-07
   3.99225562765408e-07
   4.06808205539145e-07
   4.14534178092163e-07
   4.22406176134170e-07
   4.30426945823737e-07
   4.38599284706219e-07
   4.46926042674385e-07
   4.55410122938849e-07
   4.64054483025372e-07
   4.72862135785269e-07
   4.81836150424340e-07
   4.90979653554651e-07
   5.00295830262835e-07
   5.09787925198881e-07
   5.19459243684281e-07
   5.29313152845923e-07
   5.39353082760065e-07
   5.49582527631924e-07
   5.60005046984400e-07
   5.70624266875807e-07
   5.81443881139669e-07
   5.92467652644050e-07
   6.03699414578776e-07
   6.15143071766172e-07
   6.26802601987977e-07
   6.38682057350408e-07
   6.50785565664134e-07
   6.63117331854141e-07
   6.75681639395239e-07
   6.88482851771735e-07
   7.01525413971942e-07
   7.14813853997570e-07
   7.28352784416735e-07
   7.42146903931554e-07
   7.56200998982973e-07
   7.70519945384316e-07
   7.85108709984587e-07
   7.99972352360283e-07
   8.15116026543464e-07
   8.30544982779468e-07
   8.46264569314157e-07
   8.62280234222308e-07
   8.78597527260328e-07
   8.95222101761478e-07
   9.12159716562190e-07
   9.29416237965678e-07
   9.46997641741270e-07
   9.64910015161594e-07
   9.83159559077111e-07
   1.00175259002978e-06
   1.02069554240651e-06
   1.03999497063062e-06
   1.05965755139701e-06
   1.07969008594681e-06
   1.10009950238524e-06
   1.12089285804254e-06
   1.14207734187918e-06
   1.16366027693377e-06
   1.18564912282191e-06
   1.20805147827514e-06
   1.23087508373119e-06
   1.25412782397104e-06
   1.27781773080610e-06
   1.30195298581527e-06
   1.32654192313263e-06
   1.35159303228622e-06
   1.37711496109276e-06
   1.40311651860459e-06
   1.42960667810782e-06
   1.45659458018715e-06
   1.48408953583290e-06
   1.51210102962049e-06
   1.54063872293991e-06
   1.56971245728953e-06
   1.59933225763203e-06
   1.62950833580640e-06
   1.66025109401541e-06
   1.69157112836803e-06
   1.72347923249252e-06
   1.75598640121790e-06
   1.78910383431989e-06
   1.82284294034410e-06
   1.85721534049334e-06
   1.89223287259012e-06
   1.92790759512252e-06
   1.96425179134505e-06
   2.00127797348134e-06
   2.03899888698351e-06
   2.07742751488742e-06
   2.11657708224050e-06
   2.15646106061986e-06
   2.19709317272312e-06
   2.23848739706171e-06
   2.28065797272792e-06
   2.32361940425972e-06
   2.36738646659520e-06
   2.41197421012016e-06
   2.45739796580903e-06
   2.50367335045854e-06
   2.55081627203735e-06
   2.59884293511810e-06
   2.64776984640756e-06
   2.69761382041050e-06
   2.74839198516045e-06
   2.80012178809791e-06
   2.85282100202503e-06
   2.90650773119923e-06
   2.96120041752177e-06
   3.01691784686026e-06
   3.07367915547914e-06
   3.13150383658282e-06
   3.19041174702163e-06
   3.25042311407486e-06
   3.31155854238881e-06
   3.37383902105137e-06
   3.43728593078216e-06
   3.50192105127087e-06
   3.56776656865617e-06
   3.63484508313417e-06
   3.70317961673127e-06
   3.77279362119311e-06
   3.84371098607036e-06
   3.91595604690186e-06
   3.98955359360544e-06
   4.06452887899104e-06
   4.14090762745443e-06
   4.21871604383137e-06
   4.29798082242330e-06
   4.37872915618661e-06
   4.46098874611226e-06
   4.54478781076795e-06
   4.63015509602950e-06
   4.71711988500383e-06
   4.80571200813620e-06
   4.89596185350662e-06
   4.98790037732635e-06
   5.08155911464488e-06
   5.17697019024291e-06
   5.27416632975740e-06
   5.37318087099571e-06
   5.47404777548761e-06
   5.57680164024510e-06
   5.68147770975765e-06
   5.78811188821220e-06
   5.89674075195086e-06
   6.00740156216840e-06
   6.12013227785401e-06
   6.23497156898317e-06
   6.35195882996391e-06
   6.47113419334275e-06
   6.59253854377586e-06
   6.71621353227025e-06
   6.84220159070085e-06
   6.97054594660877e-06
   7.10129063828650e-06
   7.23448053015601e-06
   7.37016132844506e-06
   7.50837959716904e-06
   7.64918277442274e-06
   7.79261918899000e-06
   7.93873807727668e-06
   8.08758960057396e-06
   8.23922486265863e-06
   8.39369592773694e-06
   8.55105583873982e-06
   8.71135863597569e-06
   8.87465937614885e-06
   9.04101415175055e-06
   9.21048011083100e-06
   9.38311547715927e-06
   9.55897957077988e-06
   9.73813282897392e-06
   9.92063682763290e-06
   1.01065543030544e-05
   1.02959491741673e-05
   1.04888865651972e-05
   1.06854328287792e-05
   1.08856555695283e-05
   1.10896236680779e-05
   1.12974073055942e-05
   1.15090779887782e-05
   1.17247085753640e-05
   1.19443733001261e-05
   1.21681478014035e-05
   1.23961091481534e-05
   1.26283358675460e-05
   1.28649079731101e-05
   1.31059069934424e-05
   1.33514160014930e-05
   1.36015196444367e-05
   1.38563041741470e-05
   1.41158574782809e-05
   1.43802691119906e-05
   1.46496303302752e-05
   1.49240341209846e-05
   1.52035752384912e-05
   1.54883502380434e-05
   1.57784575108146e-05
   1.60739973196648e-05
   1.63750718356277e-05
   1.66817851751410e-05
   1.69942434380358e-05
   1.73125547463004e-05
   1.76368292836363e-05
   1.79671793358249e-05
   1.83037193319199e-05
   1.86465658862859e-05
   1.89958378415013e-05
   1.93516563121439e-05
   1.97141447294760e-05
   2.00834288870692e-05
   2.04596369873267e-05
   2.08428996890454e-05
   2.12333501558837e-05
   2.16311241058905e-05
   2.20363598620360e-05
   2.24491984038243e-05
   2.28697834199484e-05
   2.32982613620707e-05
   2.37347814997329e-05
   2.41794959763765e-05
   2.46325598666238e-05
   2.50941312346661e-05
   2.55643711939542e-05
   2.60434439681271e-05
   2.65315169532243e-05
   2.70287607812295e-05
   2.75353493849467e-05
   2.80514600642873e-05
   2.85772735539364e-05
   2.91129740924899e-05
   2.96587494930589e-05
   3.02147912153927e-05
   3.07812944395549e-05
   3.13584581411800e-05
   3.19464851683575e-05
   3.25455823201737e-05
   3.31559604269609e-05
   3.37778344323049e-05
   3.44114234767791e-05
   3.50569509836003e-05
   3.57146447460524e-05
   3.63847370168871e-05
   3.70674645996948e-05
   3.77630689422362e-05
   3.84717962318820e-05
   3.91938974931218e-05
   3.99296286872772e-05
   4.06792508143773e-05
   4.14430300173180e-05
   4.22212376884156e-05
   4.30141505782295e-05
   4.38220509068833e-05
   4.46452264779071e-05
   4.54839707946239e-05
   4.63385831791463e-05
   4.72093688940980e-05
   4.80966392670964e-05
   4.90007118180823e-05
   4.99219103894962e-05
   5.08605652795139e-05
   5.18170133783139e-05
   5.27915983074841e-05
   5.37846705625977e-05
   5.47965876591980e-05
   5.58277142821046e-05
   5.68784224381710e-05
   5.79490916126920e-05
   5.90401089294507e-05
   6.01518693144765e-05
   6.12847756637632e-05
   6.24392390148409e-05
   6.36156787225651e-05
   6.48145226389557e-05
   6.60362072974137e-05
   6.72811781013635e-05
   6.85498895173736e-05
   6.98428052730154e-05
   7.11603985594988e-05
   7.25031522391338e-05
   7.38715590580845e-05
   7.52661218640922e-05
   7.66873538297080e-05
   7.81357786810032e-05
   7.96119309319086e-05
   8.11163561244791e-05
   8.26496110750217e-05
   8.42122641265440e-05
   8.58048954074129e-05
   8.74280970967583e-05
   8.90824736964250e-05
   9.07686423099322e-05
   9.24872329285943e-05
   9.42388887250242e-05
   9.60242663541713e-05
   9.78440362622010e-05
   9.96988830034574e-05
   1.01589505565681e-04
   1.03516617703846e-04
   1.05480948282782e-04
   1.07483241628951e-04
   1.09524257891627e-04
   1.11604773413676e-04
   1.13725581112585e-04
   1.15887490871458e-04
   1.18091329941091e-04
   1.20337943352779e-04
   1.22628194342652e-04
   1.24962964787667e-04
   1.27343155653960e-04
   1.29769687457483e-04
   1.32243500737886e-04
   1.34765556545748e-04
   1.37336836943650e-04
   1.39958345521766e-04
   1.42631107928277e-04
   1.45356172415150e-04
   1.48134610400017e-04
   1.50967517044443e-04
   1.53856011849488e-04
   1.56801239268865e-04
   1.59804369340669e-04
   1.62866598338020e-04
   1.65989149439703e-04
   1.69173273421196e-04
   1.72420249367113e-04
   1.75731385405806e-04
   1.79108019466813e-04
   1.82551520062407e-04
   1.86063287093787e-04
   1.89644752683181e-04
   1.93297382032802e-04
   1.97022674311499e-04
   2.00822163570779e-04
   2.04697419690811e-04
   2.08650049357989e-04
   2.12681697075309e-04
   2.16794046206794e-04
   2.20988820057703e-04
   2.25267782991726e-04
   2.29632741586972e-04
   2.34085545832283e-04
   2.38628090365935e-04
   2.43262315758130e-04
   2.47990209839733e-04
   2.52813809078934e-04
   2.57735200008303e-04
   2.62756520704361e-04
   2.67879962322275e-04
   2.73107770688005e-04
   2.78442247950860e-04
   2.83885754299192e-04
   2.89440709742268e-04
   2.95109595961718e-04
   3.00894958235527e-04
   3.06799407438721e-04
   3.12825622123992e-04
   3.18976350686722e-04
   3.25254413618605e-04
   3.31662705853905e-04
   3.38204199214067e-04
   3.44881944954977e-04
   3.51699076422474e-04
   3.58658811822276e-04
   3.65764457109810e-04
   3.73019409006987e-04
   3.80427158152311e-04
   3.87991292392306e-04
   3.95715500221308e-04
   4.03603574378825e-04
   4.11659415612495e-04
   4.19887036616854e-04
   4.28290566157460e-04
   4.36874253391395e-04
   4.45642472395835e-04
   4.54599726916528e-04
   4.63750655349620e-04
   4.73100035971128e-04
   4.82652792428300e-04
   4.92413999509805e-04
   5.02388889211615e-04
   5.12582857116850e-04
   5.23001469109606e-04
   5.33650468444316e-04
   5.44535783192505e-04
   5.55663534092550e-04
   5.67040042827595e-04
   5.78671840761117e-04
   5.90565678159018e-04
   6.02728533932756e-04
   6.15167625936917e-04
   6.27890421860601e-04
   6.40904650752885e-04
   6.54218315226552e-04
   6.67839704387855e-04
   6.81777407543934e-04
   6.96040328743178e-04
   7.10637702209235e-04
   7.25579108733186e-04
   7.40874493095233e-04
   7.56534182591534e-04
   7.72568906749929e-04
   7.88989818324069e-04
   8.05808515663782e-04
   8.23037066568412e-04
   8.40688033738211e-04
   8.58774501949849e-04
   8.77310107093473e-04
   8.96309067220359e-04
   9.15786215764701e-04
   9.35757037117514e-04
   9.56237704747671e-04
   9.77245122082938e-04
   9.98796966384599e-04
   1.02091173587132e-03
   1.04360880037271e-03
   1.06690845582102e-03
   1.09083198291911e-03
   1.11540171035775e-03
   1.14064108299206e-03
   1.16657473542966e-03
   1.19322857152969e-03
   1.22062985036417e-03
   1.24880727925155e-03
   1.27779111453797e-03
   1.30761327087464e-03
   1.33830743982296e-03
   1.36990921870966e-03
   1.40245625076045e-03
   1.43598837765582e-03
   1.47054780578577e-03
   1.50617928762992e-03
   1.54293031985713e-03
   1.58085135993158e-03
   1.61999606322899e-03
   1.66042154291427e-03
   1.70218865511247e-03
   1.74536231222778e-03
   1.79001182763075e-03
   1.83621129535537e-03
   1.88404000892924e-03
   1.93358292401461e-03
   1.98493117017600e-03
   2.03818261782616e-03
   2.09344250725489e-03
   2.15082414762900e-03
   2.21044969500157e-03
   2.27245101969761e-03
   2.33697067500227e-03
   2.40416298089570e-03
   2.47419523871064e-03
   2.54724909509781e-03
   2.62352207663406e-03
   2.70322931990347e-03
   2.78660552601247e-03
   2.87390717341814e-03
   2.96541502880481e-03
   3.06143700274902e-03
   3.16231140531447e-03
   3.26841066682679e-03
   3.38014560129095e-03
   3.49797030470827e-03
   3.62238779855199e-03
   3.75395655064039e-03
   3.89329803259469e-03
   4.04110550624741e-03
   4.19815427238968e-03
   4.36531366620060e-03
   4.54356114728865e-03
   4.73399891201704e-03
   4.93787355630069e-03
   5.15659944444269e-03
   5.39178660191254e-03
   5.64527415806442e-03
   5.91917063320230e-03
   6.21590271284192e-03
   6.53827460745077e-03
   6.88954069548661e-03
   7.27349494277531e-03
   7.69458165446138e-03
   8.15803354923513e-03
   8.67004509552737e-03
   9.23799172714040e-03
   9.87070927005604e-03
   1.05788531194126e-02
   1.13753640899195e-02
   1.22760784659672e-02
   1.33005352499771e-02
   1.44730572007411e-02
   1.58242296038729e-02
   1.73931708930190e-02
   1.92348719619230e-02
   2.15072149832062e-02
   2.60806357929284e-02
   6.77015513117463e-02
   4.97392394540337e-01
   9.53824679983785e-01
   9.94829223161432e-01
   9.96669568912633e-01
   9.96887764544023e-01
   9.97040905490543e-01
   9.97184859598802e-01
   9.97321604935669e-01
   9.97451336472865e-01
   9.97574167238719e-01
   9.97690179995419e-01
   9.97799429250765e-01
   9.97901941822846e-01
   9.97997717397232e-01
   9.98086729215679e-01
   9.98168925020392e-01
   9.98244228398903e-01
   9.98312540694789e-01
   9.98373743663413e-01
   9.98427703053446e-01
   9.98474273276871e-01
   9.98513303285288e-01
   9.98544643693463e-01
   9.98568155082252e-01
   9.98583717280461e-01
   9.98591239285829e-01
   9.98590669364639e-01
   9.98582004794679e-01
   9.98565300708461e-01
   9.98540677559516e-01
   9.98508326862512e-01
   9.98468515019836e-01
   9.98421585209040e-01
   9.98367957436612e-01
   9.98308126945782e-01
   9.98242661197552e-01
   9.98172195633612e-01
   9.98097428393894e-01
   9.98019114116229e-01
   9.97938056903961e-01
   9.97855102517387e-01
   9.97771129829575e-01
   9.97687041586564e-01
   9.97603754523481e-01
   9.97522188908806e-01
   9.97443257615359e-01
   9.97367854845275e-01
   9.97296844664768e-01
   9.97231049530163e-01
   9.97171239007853e-01
   9.97118118905819e-01
   9.97072321041904e-01
   9.97034393873658e-01
   9.97004794205519e-01
   9.96983880171703e-01
   9.96971905667757e-01
   9.96969016371146e-01
   9.96975247452831e-01
   9.96990523038960e-01
   9.97014657436535e-01
   9.97047358090932e-01
   9.97088230198698e-01
   9.97136782857710e-01
   9.97192436600582e-01
   9.97254532127286e-01
   9.97322340030735e-01
   9.97395071294855e-01
   9.97471888339204e-01
   9.97551916386891e-01
   9.97634254943281e-01
   9.97717989190428e-01
   9.97802201125395e-01
   9.97885980297731e-01
   9.97968434030228e-01
   9.98048697035537e-01
   9.98125940365864e-01
   9.98199379651030e-01
   9.98268282587947e-01
   9.98331975639269e-01
   9.98389849878731e-01
   9.98441365886461e-01
   9.98486057553690e-01
   9.98523534612812e-01
   9.98553483679243e-01
   9.98575667593316e-01
   9.98589922897377e-01
   9.98596155381813e-01
   9.98594333776298e-01
   9.98584481826540e-01
   9.98566669150320e-01
   9.98541001375499e-01
   9.98507610104930e-01
   9.98466643222089e-01
   9.98418255959726e-01
   9.98362603024850e-01
   9.98299831935127e-01
   9.98230077596159e-01
   9.98153458051016e-01
   9.98070071267693e-01
   9.97979992794791e-01
   9.97883274105023e-01
   9.97779941452450e-01
   9.97669995085858e-01
   9.97553408681800e-01
   9.97430128880007e-01
   9.97300074727124e-01
   9.97163133350288e-01
   9.97019027483750e-01
   9.96863066341980e-01
   9.96560837480638e-01
   9.92513597444761e-01
   9.06081076262486e-01
   3.22445159582073e-01
   4.60346705199526e-02
   2.42666937296130e-02
   2.08297019483630e-02
   1.87073390679752e-02
   1.69469088281077e-02
   1.54415140577187e-02
   1.41420701598254e-02
   1.30121412867570e-02
   1.20230620646562e-02
   1.11519651794852e-02
   1.03804314083219e-02
   9.69349511502498e-03
   9.07889888974670e-03
   8.52652851164590e-03
   8.02798022849725e-03
   7.57622622633213e-03
   7.16535372180153e-03
   6.79035979201450e-03
   6.44698878443785e-03
   6.13160253232265e-03
   5.84107604719289e-03
   5.57271314615149e-03
   5.32417778830315e-03
   5.09343787349786e-03
   4.87871899050750e-03
   4.67846615630437e-03
   4.49131201027049e-03
   4.31605025080318e-03
   4.15161335157700e-03
   3.99705378872744e-03
   3.85152816184244e-03
   3.71428371081558e-03
   3.58464682480087e-03
   3.46201321434616e-03
   3.34583947754460e-03
   3.23563583900057e-03
   3.13095987907050e-03
   3.03141110214575e-03
   2.93662621821140e-03
   2.84627503270356e-03
   2.76005685673883e-03
   2.67769736381886e-03
   2.59894583069986e-03
   2.52357270972570e-03
   2.45136748791221e-03
   2.38213679473707e-03
   2.31570272617423e-03
   2.25190135719610e-03
   2.19058141891693e-03
   2.13160311988350e-03
   2.07483709384499e-03
   2.02016345873062e-03
   1.96747097360847e-03
   1.91665628213957e-03
   1.86762323253502e-03
   1.82028226530332e-03
   1.77454986117545e-03
   1.73034804254159e-03
   1.68760392255544e-03
   1.64624929676696e-03
   1.60622027276121e-03
   1.56745693381366e-03
   1.52990303303718e-03
   1.49350571490232e-03
   1.45821526136420e-03
   1.42398486014274e-03
   1.39077039297262e-03
   1.35853024187823e-03
   1.32722511174062e-03
   1.29681786760733e-03
   1.26727338535997e-03
   1.23855841449867e-03
   1.21064145193162e-03
   1.18349262576947e-03
   1.15708358822741e-03
   1.13138741682529e-03
   1.10637852315742e-03
   1.08203256857424e-03
   1.05832638618143e-03
   1.03523790861913e-03
   1.01274610113493e-03
   9.90830899508808e-04
   9.69473152430812e-04
   9.48654567967207e-04
   9.28357663784763e-04
   9.08565720832807e-04
   8.89262740208346e-04
   8.70433402955099e-04
   8.52063032567873e-04
   8.34137559994511e-04
   8.16643490944421e-04
   7.99567875329782e-04
   7.82898278679765e-04
   7.66622755381485e-04
   7.50729823613401e-04
   7.35208441847952e-04
   7.20047986810210e-04
   7.05238232788771e-04
   6.90769332202540e-04
   6.76631797335655e-04
   6.62816483159016e-04
   6.49314571163615e-04
   6.36117554136348e-04
   6.23217221814465e-04
   6.10605647359601e-04
   5.98275174597037e-04
   5.86218405968952e-04
   5.74428191155910e-04
   5.62897616322524e-04
   5.51619993947010e-04
   5.40588853198116e-04
   5.29797930824126e-04
   5.19241162521869e-04
   5.08912674756492e-04
   4.98806777003161e-04
   4.88917954386079e-04
   4.79240860689684e-04
   4.69770311720376e-04
   4.60501278997443e-04
   4.51428883753954e-04
   4.42548391229461e-04
   4.33855205237299e-04
   4.25344862991089e-04
   4.17013030175138e-04
   4.08855496245327e-04
   4.00868169947407e-04
   3.93047075040367e-04
   3.85388346214052e-04
   3.77888225189748e-04
   3.70543056994521e-04
   3.63349286399228e-04
   3.56303454512007e-04
   3.49402195518911e-04
   3.42642233563584e-04
   3.36020379759336e-04
   3.29533529326415e-04
   3.23178658847992e-04
   3.16952823639236e-04
   3.10853155223450e-04
   3.04876858909998e-04
   2.99021211469122e-04
   2.93283558898804e-04
   2.87661314279166e-04
   2.82151955710304e-04
   2.76753024329498e-04
   2.71462122404029e-04
   2.66276911496112e-04
   2.61195110696613e-04
   2.56214494924165e-04
   2.51332893287144e-04
   2.46548187505021e-04
   2.41858310387059e-04
   2.37261244365316e-04
   2.32755020079926e-04
   2.28337715014029e-04
   2.24007452176437e-04
   2.19762398829914e-04
   2.15600765263111e-04
   2.11520803604255e-04
   2.07520806674949e-04
   2.03599106882317e-04
   1.99754075148071e-04
   1.95984119872653e-04
   1.92287685933499e-04
   1.88663253715583e-04
   1.85109338173358e-04
   1.81624487922580e-04
   1.78207284360830e-04
   1.74856340815960e-04
   1.71570301720925e-04
   1.68347841814310e-04
   1.65187665365425e-04
   1.62088505423166e-04
   1.59049123087609e-04
   1.56068306803554e-04
   1.53144871675382e-04
   1.50277658801947e-04
   1.47465534631611e-04
   1.44707390335707e-04
   1.42002141200637e-04
   1.39348726037385e-04
   1.36746106608082e-04
   1.34193267069093e-04
   1.31689213429692e-04
   1.29232973026275e-04
   1.26823594011214e-04
   1.24460144856040e-04
   1.22141713868403e-04
   1.19867408722349e-04
   1.17636356001527e-04
   1.15447700754868e-04
   1.13300606064276e-04
   1.11194252624038e-04
   1.09127838331541e-04
   1.07100577888873e-04
   1.05111702415062e-04
   1.03160459068536e-04
   1.01246110679531e-04
   9.93679353921268e-05
   9.75252263156101e-05
   9.57172911848357e-05
   9.39434520294255e-05
   9.22030448513980e-05
   9.04954193110689e-05
   8.88199384209381e-05
   8.71759782473444e-05
   8.55629276196154e-05
   8.39801878465593e-05
   8.24271724400152e-05
   8.09033068453055e-05
   7.94080281783627e-05
   7.79407849693481e-05
   7.65010369125869e-05
   7.50882546226157e-05
   7.37019193961904e-05
   7.23415229800680e-05
   7.10065673444364e-05
   6.96965644617751e-05
   6.84110360910639e-05
   6.71495135671309e-05
   6.59115375950484e-05
   6.46966580494016e-05
   6.35044337783210e-05
   6.23344324121394e-05
   6.11862301765506e-05
   6.00594117101495e-05
   5.89535698862356e-05
   5.78683056387713e-05
   5.68032277923776e-05
   5.57579528962701e-05
   5.47321050620174e-05
   5.37253158050426e-05
   5.27372238897520e-05
   5.17674751782080e-05
   5.08157224822518e-05
   4.98816254189851e-05
   4.89648502695318e-05
   4.80650698409803e-05
   4.71819633314561e-05
   4.63152161982046e-05
   4.54645200286502e-05
   4.46295724143196e-05
   4.38100768275925e-05
   4.30057425011744e-05
   4.22162843102595e-05
   4.14414226572892e-05
   4.06808833592533e-05
   3.99343975374748e-05
   3.92017015098132e-05
   3.84825366852251e-05
   3.77766494606343e-05
   3.70837911200411e-05
   3.64037177358329e-05
   3.57361900722308e-05
   3.50809734908263e-05
   3.44378378581608e-05
   3.38065574552880e-05
   3.31869108892912e-05
   3.25786810066932e-05
   3.19816548087128e-05
   3.13956233683436e-05
   3.08203817491909e-05
   3.02557289260413e-05
   2.97014677071066e-05
   2.91574046579319e-05
   2.86233500268952e-05
   2.80991176722869e-05
   2.75845249909236e-05
   2.70793928482666e-05
   2.65835455099922e-05
   2.60968105750104e-05
   2.56190189098693e-05
   2.51500045845408e-05
   2.46896048095317e-05
   2.42376598743052e-05
   2.37940130869829e-05
   2.33585107152908e-05
   2.29310019287277e-05
   2.25113387419270e-05
   2.20993759591840e-05
   2.16949711201248e-05
   2.12979844464896e-05
   2.09082787900075e-05
   2.05257195813368e-05
   2.01501747800492e-05
   1.97815148256331e-05
   1.94196125894947e-05
   1.90643433279360e-05
   1.87155846360857e-05
   1.83732164027643e-05
   1.80371207662637e-05
   1.77071820710180e-05
   1.73832868251511e-05
   1.70653236588770e-05
   1.67531832837397e-05
   1.64467584526692e-05
   1.61459439208408e-05
   1.58506364073175e-05
   1.55607345574599e-05
   1.52761389060872e-05
   1.49967518413727e-05
   1.47224775694594e-05
   1.44532220797783e-05
   1.41888931110578e-05
   1.39294001180055e-05
   1.36746542386524e-05
   1.34245682623417e-05
   1.31790565983504e-05
   1.29380352451349e-05
   1.27014217601744e-05
   1.24691352304172e-05
   1.22410962433035e-05
   1.20172268583592e-05
   1.17974505793452e-05
   1.15816923269580e-05
   1.13698784120554e-05
   1.11619365094181e-05
   1.09577956320132e-05
   1.07573861057667e-05
   1.05606395448243e-05
   1.03674888272950e-05
   1.01778680714678e-05
   9.99171261249023e-06
   9.80895897949669e-06
   9.62954487318369e-06
   9.45340914381959e-06
   9.28049176967752e-06
   9.11073383588718e-06
   8.94407751369405e-06
   8.78046604011981e-06
   8.61984369801421e-06
   8.46215579649147e-06
   8.30734865174217e-06
   8.15536956821733e-06
   8.00616682016726e-06
   7.85968963354233e-06
   7.71588816823665e-06
   7.57471350067036e-06
   7.43611760671045e-06
   7.30005334491185e-06
   7.16647444008416e-06
   7.03533546716920e-06
   6.90659183542723e-06
   6.78019977292253e-06
   6.65611631130794e-06
   6.53429927089510e-06
   6.41470724601212e-06
   6.29729959063707e-06
   6.18203640430306e-06
   6.06887851827422e-06
   5.95778748198397e-06
   5.84872554972224e-06
   5.74165566758751e-06
   5.63654146067064e-06
   5.53334722049859e-06
   5.43203789269597e-06
   5.33257906489683e-06
   5.23493695487038e-06
   5.13907839888222e-06
   5.04497084026582e-06
   4.95258231821306e-06
   4.86188145677827e-06
   4.77283745408064e-06
   4.68542007171904e-06
   4.59959962438096e-06
   4.51534696964375e-06
   4.43263349797427e-06
   4.35143112290629e-06
   4.27171227141369e-06
   4.19344987445297e-06
   4.11661735768962e-06
   4.04118863239241e-06
   3.96713808650527e-06
   3.89444057587744e-06
   3.82307141566394e-06
   3.75300637188306e-06
   3.68422165313103e-06
   3.61669390245507e-06
   3.55040018937387e-06
   3.48531800204298e-06
   3.42142523957835e-06
   3.35870020450887e-06
   3.29712159538037e-06
   3.23666849948596e-06
   3.17732038574554e-06
   3.11905709769987e-06
   3.06185884665274e-06
   3.00570620492418e-06
   2.95058009924326e-06
   2.89646180424787e-06
   2.84333293612538e-06
   2.79117544634763e-06
   2.73997161553914e-06
   2.68970404744854e-06
   2.64035566304194e-06
   2.59190969469652e-06
   2.54434968049859e-06
   2.49765945866119e-06
   2.45182316203412e-06
   2.40682521271291e-06
   2.36265031675319e-06
   2.31928345898531e-06
   2.27670989791300e-06
   2.23491516072449e-06
   2.19388503836864e-06
   2.15360558075067e-06
   2.11406309199596e-06
   2.07524412581267e-06
   2.03713548093226e-06
   1.99972419663695e-06
   1.96299754836807e-06
   1.92694304341860e-06
   1.89154841670337e-06
   1.85680162660318e-06
   1.82269085088920e-06
   1.78920448272289e-06
   1.75633112672346e-06
   1.72405959511444e-06
   1.69237890394249e-06
   1.66127826935035e-06
   1.63074710394066e-06
   1.60077501318477e-06
   1.57135179191625e-06
   1.54246742087173e-06
   1.51411206330825e-06
   1.48627606167842e-06
   1.45894993435766e-06
   1.43212437244710e-06
   1.40579023662530e-06
   1.37993855405689e-06
   1.35456051536128e-06
   1.32964747163328e-06
   1.30519093152866e-06
   1.28118255838309e-06
   1.25761416740600e-06
   1.23447772290775e-06
   1.21176533559012e-06
   1.18946925987700e-06
   1.16758189130222e-06
   1.14609576393527e-06
   1.12500354786588e-06
   1.10429804672179e-06
   1.08397219524451e-06
   1.06401905689765e-06
   1.04443182152710e-06
   1.02520380305985e-06
   1.00632843724752e-06
   9.87799279446588e-07
   9.69610002445169e-07
   9.51754394324207e-07
   9.34226356360239e-07
   9.17019900965123e-07
   9.00129149665442e-07
   8.83548331115301e-07
   8.67271779150063e-07
   8.51293930869010e-07
   8.35609324760021e-07
   8.20212598853387e-07
   8.05098488910765e-07
   7.90261826648516e-07
   7.75697537990859e-07
   7.61400641356476e-07
   7.47366245976150e-07
   7.33589550240152e-07
   7.20065840077599e-07
   7.06790487362326e-07
   6.93758948351087e-07
   6.80966762147020e-07
   6.68409549194788e-07
   6.56083009797572e-07
   6.43982922667435e-07
   6.32105143498186e-07
   6.20445603563713e-07
   6.09000308343864e-07
   5.97765336175537e-07
   5.86736836926749e-07
   5.75911030693409e-07
   5.65284206526122e-07
   5.54852721169694e-07
   5.44612997836522e-07
   5.34561524996331e-07
   5.24694855187074e-07
   5.15009603851533e-07
   5.05502448191198e-07
   4.96170126044063e-07
   4.87009434779574e-07
   4.78017230217517e-07
   4.69190425562665e-07
   4.60525990361796e-07
   4.52020949477772e-07
   4.43672382083711e-07
   4.35477420673201e-07
   4.27433250092319e-07
   4.19537106584439e-07
   4.11786276856343e-07
   4.04178097159322e-07
   3.96709952387690e-07
   3.89379275193043e-07
   3.82183545114983e-07
   3.75120287728360e-07
   3.68187073804706e-07
   3.61381518489001e-07
   3.54701280493101e-07
   3.48144061301373e-07
   3.41707604393129e-07
   3.35389694477031e-07
   3.29188156740808e-07
   3.23100856114173e-07
   3.17125696545419e-07
   3.11260620290444e-07
   3.05503607215603e-07
   2.99852674111947e-07
   2.94305874023813e-07
   2.88861295587708e-07
   2.83517062384378e-07
   2.78271332302101e-07
   2.73122296911802e-07
   2.68068180853935e-07
   2.63107241234767e-07
   2.58237767036463e-07
   2.53458078534970e-07
   2.48766526730313e-07
   2.44161492787556e-07
   2.39641387485140e-07
   2.35204650677420e-07
   2.30849750763169e-07
   2.26575184165978e-07
   2.22379474823278e-07
   2.18261173685098e-07
   2.14218858221288e-07
   2.10251131937762e-07
   2.06356623902844e-07
   2.02533988280305e-07
   1.98781903871987e-07
   1.95099073668430e-07
   1.91484224408197e-07
   1.87936106144689e-07
   1.84453491820077e-07
   1.81035176849011e-07
   1.77679978707922e-07
   1.74386736532875e-07
   1.71154310724315e-07
   1.67981582559251e-07
   1.64867453810067e-07
   1.61810846371311e-07
   1.58810701890921e-07
   1.55865981411688e-07
   1.52975665015960e-07
   1.50138751478524e-07
   1.47354257925679e-07
   1.44621219499689e-07
   1.41938689030270e-07
   1.39305736711720e-07
   1.36721449785673e-07
   1.34184932229814e-07
   1.31695304452668e-07
   1.29251702992968e-07
   1.26853280225388e-07
   1.24499204071208e-07
   1.22188657714584e-07
   1.19920839323335e-07
   1.17694961775518e-07
   1.15510252390586e-07
   1.13365952665598e-07
   1.11261318015733e-07
   1.09195617520741e-07
   1.07168133674633e-07
   1.05178162140480e-07
   1.03225011510180e-07
   1.01308003067423e-07
   9.94264705567706e-08
   9.75797599544540e-08
   9.57672292458958e-08
   9.39882482054419e-08
   9.22421981813600e-08
   9.05284718834713e-08
   8.88464731759892e-08
   8.71956168729531e-08
   8.55753285386746e-08
   8.39850442902513e-08
   8.24242106052019e-08
   8.08922841312979e-08
   7.93887315010563e-08
   7.79130291485931e-08
   7.64646631304340e-08
   7.50431289494908e-08
   7.36479313819789e-08
   7.22785843077357e-08
   7.09346105437922e-08
   6.96155416802763e-08
   6.83209179201467e-08
   6.70502879215551e-08
   6.58032086427762e-08
   6.45792451903606e-08
   6.33779706696699e-08
   6.21989660388194e-08
   6.10418199642924e-08
   5.99061286802907e-08
   5.87914958495337e-08
   5.76975324274886e-08
   5.66238565287473e-08
   5.55700932958736e-08
   5.45358747702102e-08
   5.35208397659956e-08
   5.25246337457411e-08
   5.15469086987749e-08
   5.05873230212693e-08
   4.96455413989081e-08
   4.87212346916344e-08
   4.78140798203900e-08
   4.69237596557969e-08
   4.60499629094719e-08
   4.51923840262708e-08
   4.43507230796160e-08
   4.35246856682761e-08
   4.27139828146590e-08
   4.19183308654690e-08
   4.11374513941520e-08
   4.03710711046954e-08
   3.96189217377969e-08
   3.88807399781071e-08
   3.81562673638541e-08
   3.74452501970533e-08
   3.67474394574475e-08
   3.60625907148269e-08
   3.53904640463336e-08
   3.47308239524257e-08
   3.40834392768163e-08
   3.34480831257097e-08
   3.28245327903592e-08
   3.22125696694797e-08
   3.16119791939516e-08
   3.10225507533616e-08
   3.04440776228501e-08
   2.98763568910081e-08
   2.93191893911179e-08
   2.87723796316434e-08
   2.82357357284228e-08
   2.77090693389691e-08
   2.71921955969572e-08
   2.66849330485651e-08
   2.61871035896980e-08
   2.56985324040514e-08
   2.52190479030444e-08
   2.47484816666638e-08
   2.42866683848922e-08
   2.38334457996486e-08
   2.33886546507102e-08
   2.29521386188227e-08
   2.25237442719853e-08
   2.21033210127745e-08
   2.16907210259886e-08
   2.12857992271654e-08
   2.08884132128604e-08
   2.04984232103005e-08
   2.01156920308052e-08
   1.97400850201310e-08
   1.93714700130062e-08
   1.90097172874786e-08
   1.86546995191397e-08
   1.83062917373207e-08
   1.79643712820190e-08
   1.76288177612664e-08
   1.72995130089358e-08
   1.69763410440719e-08
   1.66591880307770e-08
   1.63479422384967e-08
   1.60424940031156e-08
   1.57427356892285e-08
   1.54485616524031e-08
   1.51598682027197e-08
   1.48765535689520e-08
   1.45985178625979e-08
   1.43256630435408e-08
   1.40578928861654e-08
   1.37951129456797e-08
   1.35372305252048e-08
   1.32841546438963e-08
   1.30357960046284e-08
   1.27920669638125e-08
   1.25528815003963e-08
   1.23181551859958e-08
   1.20878051552450e-08
   1.18617500777494e-08
   1.16399101291490e-08
   1.14222069631410e-08
   1.12085636850713e-08
   1.09989048241696e-08
   1.07931563079709e-08
   1.05912454363622e-08
   1.03931008557954e-08
   1.01986525351306e-08
   1.00078317407312e-08
   9.82057101281810e-09
   9.63680414156877e-09
   9.45646614452385e-09
   9.27949324361562e-09
   9.10582284281154e-09
   8.93539350683398e-09
   8.76814493904360e-09
   8.60401796086055e-09
   8.44295449087652e-09
   8.28489752486255e-09
   8.12979111558095e-09
   7.97758035331615e-09
   7.82821134684841e-09
   7.68163120450884e-09
   7.53778801576720e-09
   7.39663083293815e-09
   7.25810965387675e-09
   7.12217540370081e-09
   6.98877991834489e-09
   6.85787592747830e-09
   6.72941703791694e-09
   6.60335771752840e-09
   6.47965327903847e-09
   6.35825986499611e-09
   6.23913443169379e-09
   6.12223473462223e-09
   6.00751931346642e-09
   5.89494747785858e-09
   5.78447929273812e-09
   5.67607556470384e-09
   5.56969782805289e-09
   5.46530833160428e-09
   5.36287002511455e-09
   5.26234654670833e-09
   5.16370220990849e-09
   5.06690199091509e-09
   4.97191151687367e-09
   4.87869705336120e-09
   4.78722549286233e-09
   4.69746434295100e-09
   4.60938171501553e-09
   4.52294631304856e-09
   4.43812742269657e-09
   4.35489490043241e-09
   4.27321916313491e-09
   4.19307117745662e-09
   4.11442244987968e-09
   4.03724501646604e-09
   3.96151143344032e-09
   3.88719476706761e-09
   3.81426858461369e-09
   3.74270694470491e-09
   3.67248438864581e-09
   3.60357593104013e-09
   3.53595705130991e-09
   3.46960368492498e-09
   3.40449221502345e-09
   3.34059946424289e-09
   3.27790268609850e-09
   3.21637955772976e-09
   3.15600817128274e-09
   3.09676702678091e-09
   3.03863502428496e-09
   2.98159145652264e-09
   2.92561600165726e-09
   2.87068871606572e-09
   2.81679002743800e-09
   2.76390072767232e-09
   2.71200196639339e-09
   2.66107524419874e-09
   2.61110240586721e-09
   2.56206563453521e-09
   2.51394744500201e-09
   2.46673067762378e-09
   2.42039849242474e-09
   2.37493436307899e-09
   2.33032207092263e-09
   2.28654569958792e-09
   2.24358962911963e-09
   2.20143853054803e-09
   2.16007736054696e-09
   2.11949135605996e-09
   2.07966602905022e-09
   2.04058716152362e-09
   2.00224080039076e-09
   1.96461325265176e-09
   1.92769108050111e-09
   1.89146109657771e-09
   1.85591035936811e-09
   1.82102616854184e-09
   1.78679606060152e-09
   1.75320780436025e-09
   1.72024939672789e-09
   1.68790905836929e-09
   1.65617522964191e-09
   1.62503656644806e-09
   1.59448193621452e-09
   1.56450041407283e-09
   1.53508127885456e-09
   1.50621400936079e-09
   1.47788828077968e-09
   1.45009396071882e-09
   1.42282110589981e-09
   1.39605995860171e-09
   1.36980094314286e-09
   1.34403466244296e-09
   1.31875189489186e-09
   1.29394359087994e-09
   1.26960086973643e-09
   1.24571501654070e-09
   1.22227747896099e-09
   1.19927986437146e-09
   1.17671393684275e-09
   1.15457161413535e-09
   1.13284496489808e-09
   1.11152620590921e-09
   1.09060769922927e-09
   1.07008194955895e-09
   1.04994160156217e-09
   1.03017943727317e-09
   1.01078837347559e-09
   9.91761459359708e-10
   9.73091873812514e-10
   9.54772923211414e-10
   9.36798038972059e-10
   9.19160775174077e-10
   9.01854806388113e-10
   8.84873925305640e-10
   8.68212040634003e-10
   8.51863174878170e-10
   8.35821462304100e-10
   8.20081146689303e-10
   8.04636579466117e-10
   7.89482217629733e-10
   7.74612621791904e-10
   7.60022454202417e-10
   7.45706476888347e-10
   7.31659549813074e-10
   7.17876629070325e-10
   7.04352764990418e-10
   6.91083100497515e-10
   6.78062869337082e-10
   6.65287394337376e-10
   6.52752085829566e-10
   6.40452439967092e-10
   6.28384037159288e-10
   6.16542540432772e-10
   6.04923693998754e-10
   5.93523321598467e-10
   5.82337325165173e-10
   5.71361683267225e-10
   5.60592449743438e-10
   5.50025752199071e-10
   5.39657790765648e-10
   5.29484836631110e-10
   5.19503230787180e-10
   5.09709382678496e-10
   5.00099768984207e-10
   4.90670932297003e-10
   4.81419479916033e-10
   4.72342082678668e-10
   4.63435473693477e-10
   4.54696447267946e-10
   4.46121857742756e-10
   4.37708618252631e-10
   4.29453699880638e-10
   4.21354130286587e-10
   4.13406992855163e-10
   4.05609425580929e-10
   3.97958620024855e-10
   3.90451820404977e-10
   3.83086322522909e-10
   3.75859472812075e-10
   3.68768667422996e-10
   3.61811351308577e-10
   3.54985017245181e-10
   3.48287205015095e-10
   3.41715500473130e-10
   3.35267534707835e-10
   3.28940983209247e-10
   3.22733565010755e-10
   3.16643041886904e-10
   3.10667217576592e-10
   3.04803936949556e-10
   2.99051085286484e-10
   2.93406587540192e-10
   2.87868407492018e-10
   2.82434547126641e-10
   2.77103045880247e-10
   2.71871979940569e-10
   2.66739461577051e-10
   2.61703638438246e-10
   2.56762692888291e-10
   2.51914841432274e-10
   2.47158333950197e-10
   2.42491453212774e-10
   2.37912514097094e-10
   2.33419863175360e-10
   2.29011878013146e-10
   2.24686966573642e-10
   2.20443566719387e-10
   2.16280145574096e-10
   2.12195199067143e-10
   2.08187251332315e-10
   2.04254854152004e-10
   2.00396586538133e-10
   1.96611054137017e-10
   1.92896888747624e-10
   1.89252747863307e-10
   1.85677314159654e-10
   1.82169295061056e-10
   1.78727422221363e-10
   1.75350451118937e-10
   1.72037160550116e-10
   1.68786352307495e-10
   1.65596850617404e-10
   1.62467501794216e-10
   1.59397173841465e-10
   1.56384755953455e-10
   1.53429158237384e-10
   1.50529311247447e-10
   1.47684165598740e-10
   1.44892691644498e-10
   1.42153879053002e-10
   1.39466736471565e-10
   1.36830291172188e-10
   1.34243588689009e-10
   1.31705692485140e-10
   1.29215683630954e-10
   1.26772660431027e-10
   1.24375738142292e-10
   1.22024048654212e-10
   1.19716740162316e-10
   1.17452976838426e-10
   1.15231938594346e-10
   1.13052820736658e-10
   1.10914833695828e-10
   1.08817202728631e-10
   1.06759167671011e-10
   1.04739982642526e-10
   1.02758915754234e-10
   1.00815248909362e-10
   9.89082774904301e-11
   9.70373101258990e-11
   9.52016684527646e-11
   9.34006868304083e-11
   9.16337121754798e-11
   8.99001036439449e-11
   8.81992324683618e-11
   8.65304816894794e-11
   8.48932459538681e-11
   8.32869312914008e-11
   8.17109548942562e-11
   8.01647449301901e-11
   7.86477403092560e-11
   7.71593904988458e-11
   7.56991553207710e-11
   7.42665047591131e-11
   7.28609187619797e-11
   7.14818870679004e-11
   7.01289090111907e-11
   6.88014933482149e-11
   6.74991580671331e-11
   6.62214302436514e-11
   6.49678458343542e-11
   6.37379495311057e-11
   6.25312946052238e-11
   6.13474427207478e-11
   6.01859638079519e-11
   5.90464358627136e-11
   5.79284448495499e-11
   5.68315845198380e-11
   5.57554562629184e-11
   5.46996689787799e-11
   5.36638389235253e-11
   5.26475896033760e-11
   5.16505515577933e-11
   5.06723623435559e-11
   4.97126662888949e-11
   4.87711144537376e-11
   4.78473644694225e-11
   4.69410803861179e-11
   4.60519325982197e-11
   4.51795977137797e-11
   4.43237584125833e-11
   4.34841033659969e-11
   4.26603271032186e-11
   4.18521299139314e-11
   4.10592177179144e-11
   4.02813019893483e-11
   3.95180996254354e-11
   3.87693328687400e-11
   3.80347291853440e-11
   3.73140211846084e-11
   3.66069465033929e-11
   3.59132477349202e-11
   3.52326722999560e-11
   3.45649724076145e-11
   3.39099049200650e-11
   3.32672312783047e-11
   3.26367174274234e-11
   3.20181337231626e-11
   3.14112548487663e-11
   3.08158597213920e-11
   3.02317314519265e-11
   2.96586572107321e-11
   2.90964282042864e-11
   2.85448395596249e-11
   2.80036902742744e-11
   2.74727831298815e-11
   2.69519246255311e-11
   2.64409249191232e-11
   2.59395977373496e-11
   2.54477603224757e-11
   2.49652333628184e-11
   2.44918409289179e-11
   2.40274104081918e-11
   2.35717724481588e-11
   2.31247608807810e-11
   2.26862126811418e-11
   2.22559678985379e-11
   2.18338695885286e-11
   2.14197637826889e-11
   2.10134994032957e-11
   2.06149282340789e-11
   2.02239048479886e-11
   1.98402865659030e-11
   1.94639333918538e-11
   1.90947079842147e-11
   1.87324755834424e-11
   1.83771039706285e-11
   1.80284634377220e-11
   1.76864267118281e-11
   1.73508689095714e-11
   1.70216675336853e-11
   1.66987023807559e-11
   1.63818555151396e-11
   1.60710112374297e-11
   1.57660560144166e-11
   1.54668784824463e-11
   1.51733693485380e-11
   1.48854214121112e-11
   1.46029294836716e-11
   1.43257903491377e-11
   1.40539027619079e-11
   1.37871673763356e-11
   1.35254867272888e-11
   1.32687651840621e-11
   1.30169089293066e-11
   1.27698259088007e-11
   1.25274258119704e-11
   1.22896200373603e-11
   1.20563216461697e-11
   1.18274453539314e-11
   1.16029074801031e-11
   1.13826259236939e-11
   1.11665201371974e-11
   1.09545110918490e-11
   1.07465212581498e-11
   1.05424745642052e-11
   1.03422963781503e-11
   1.01459134766180e-11
   9.95325402363261e-12
   9.76424753804066e-12
   9.57882486843266e-12
   9.39691817150798e-12
   9.21846088740445e-12
   9.04338771312069e-12
   8.87163458110836e-12
   8.70313863003891e-12
   8.53783818760967e-12
   8.37567275725986e-12
   8.21658296926826e-12
   8.06051059255809e-12
   7.90739848078651e-12
   7.75719057933551e-12
   7.60983188982183e-12
   7.46526845273153e-12
   7.32344733098161e-12
   7.18431658426530e-12
   7.04782525514473e-12
   6.91392335743729e-12
   6.78256183656873e-12
   6.65369257744481e-12
   6.52726836806939e-12
   6.40324289154755e-12
   6.28157070523106e-12
   6.16220722899850e-12
   6.04510872446159e-12
   5.93023227841311e-12
   5.81753578817015e-12
   5.70697795435423e-12
   5.59851825185404e-12
   5.49211692599280e-12
   5.38773497093589e-12
