  -5.24264068711928e-02   6.22403130832586e-05   1.67648681048233e+02
  -5.10469266439714e-02   5.04412830417800e-05   1.43329737235331e+02
  -4.96674464167499e-02   3.44601204746292e-05   1.10213895093666e+02
  -4.82879661895285e-02   2.64397522375286e-05   9.64591502622429e+01
  -4.69084859623070e-02   2.41842483469557e-05   9.76930796578223e+01
  -4.55290057350856e-02   2.59006099203472e-05   1.10993453602550e+02
  -4.41495255078641e-02   3.16389730369400e-05   1.38755685348901e+02
  -4.27700452806427e-02   4.33872430833183e-05   1.90239581942020e+02
  -4.13905650534212e-02   6.63146144318583e-05   2.87357160683025e+02
  -4.00110848261998e-02   1.10211641334100e-04   4.70910304241131e+02
  -3.86316045989783e-02   1.72484476055196e-04   7.30328576843487e+02
  -3.72521243717569e-02   1.78626749004285e-04   7.57349568146594e+02
  -3.58726441445354e-02   1.17542440410819e-04   5.06124958855782e+02
  -3.44931639173140e-02   6.99912630131496e-05   3.10966732595714e+02
  -3.31136836900925e-02   4.45599117982290e-05   2.07471062695038e+02
  -3.17342034628710e-02   3.10295854040292e-05   1.53404728288878e+02
  -3.03547232356496e-02   2.34230089210108e-05   1.24100174471703e+02
  -2.89752430084281e-02   1.89538997923697e-05   1.08116744824709e+02
  -2.75957627812067e-02   1.63021148232538e-05   1.00115097103853e+02
  -2.62162825539852e-02   1.48163017446615e-05   9.75783049180738e+01
  -2.48368023267638e-02   1.41764035368308e-05   9.94512616969361e+01
  -2.34573220995423e-02   1.42519138664564e-05   1.05619716353938e+02
  -2.20778418723209e-02   1.50516493201391e-05   1.16828448226754e+02
  -2.06983616450994e-02   1.67322061273780e-05   1.34973165194099e+02
  -1.93188814178780e-02   1.96737316744020e-05   1.63971614209511e+02
  -1.79394011906565e-02   2.46819460196644e-05   2.11879516037334e+02
  -1.65599209634351e-02   3.34681547323905e-05   2.95839771970820e+02
  -1.51804407362136e-02   4.95643986478768e-05   4.51101470972087e+02
  -1.38009605089922e-02   7.74806045070973e-05   7.16251414824491e+02
  -1.24214802817707e-02   1.06681097095548e-04   9.33467225138835e+02
  -1.10420000545493e-02   1.14365122253198e-04   8.14591029012622e+02
  -9.66251982732780e-03   1.05128050860426e-04   6.15694513530521e+02
  -8.28303960010635e-03   7.90158122285657e-05   4.75750801432913e+02
  -6.90355937288490e-03   6.17273860501835e-05   4.27381512191127e+02
  -5.52407914566345e-03   5.91325334450454e-05   4.73078478516221e+02
  -4.14459891844200e-03   7.01955845815309e-05   6.32876273449191e+02
  -2.76511869122054e-03   9.69786485296940e-05   9.31208734574637e+02
  -1.38563846399909e-03   1.34611716579077e-04   1.16518096326406e+03
  -6.15823677763139e-06   1.83292973430748e-04   1.15834691352366e+03
   1.37332199044382e-03   2.36310305698893e-04   1.16282516558468e+03
   2.75280221766527e-03   2.01494616650707e-04   9.39735962123509e+02
   4.13228244488673e-03   1.25061541567502e-04   6.19049954908758e+02
   5.51176267210818e-03   7.66627316080848e-05   4.22639301466980e+02
   6.89124289932963e-03   5.10934973155554e-05   3.20710787272257e+02
   8.27072312655108e-03   3.72168156003704e-05   2.68780105358885e+02
   9.65020335377254e-03   2.93658465064629e-05   2.44659613868133e+02
   1.10296835809940e-02   2.49440208287441e-05   2.38645726667143e+02
   1.24091638082154e-02   2.27820370966805e-05   2.47309306998542e+02
   1.37886440354369e-02   2.24573139746613e-05   2.71263101392659e+02
   1.51681242626583e-02   2.40967266578234e-05   3.15301687431133e+02
   1.65476044898798e-02   2.85123069588175e-05   3.90976854421559e+02
   1.79270847171012e-02   3.77678520944249e-05   5.23378488962708e+02
   1.93065649443227e-02   5.60604709560481e-05   7.62012637846409e+02
   2.06860451715442e-02   8.53583853555487e-05   1.14555159534378e+03
   2.20655253987656e-02   9.94443418270681e-05   1.47045795921564e+03
   2.34450056259871e-02   8.19214516708778e-05   1.65769331790609e+03
   2.48244858532085e-02   6.95294923371035e-05   2.01487753424939e+03
   2.62039660804300e-02   6.34606048833476e-05   1.99654828146259e+03
   2.75834463076514e-02   6.22584167322401e-05   1.61159032612566e+03
   2.89629265348729e-02   7.35039606047671e-05   1.49692990831216e+03
   3.03424067620943e-02   8.03100679982024e-05   1.44060646835691e+03
   3.17218869893158e-02   6.88649454344003e-05   1.18663359372573e+03
   3.31013672165372e-02   5.41472471213642e-05   9.92577827319535e+02
   3.44808474437587e-02   4.17066982684312e-05   9.51530151630438e+02
   3.58603276709801e-02   3.72750576024040e-05   1.11317779931355e+03
   3.72398078982016e-02   4.01403706503848e-05   1.35167748765015e+03
   3.86192881254230e-02   4.91742863829302e-05   1.34667403694486e+03
   3.99987683526445e-02   6.76404724393574e-05   1.34798894582168e+03
   4.13782485798660e-02   7.99178644989401e-05   1.38273699915091e+03
   4.27577288070874e-02   6.21381463686879e-05   1.16370801776710e+03
   4.41372090343089e-02   4.20633328869281e-05   9.83371141010789e+02
   4.55166892615303e-02   3.24730287785528e-05   9.93950298341174e+02
   4.68961694887518e-02   3.11341208581300e-05   1.21263444222702e+03
   4.82756497159732e-02   3.69954449439922e-05   1.70050338938730e+03
   4.96551299431947e-02   4.55723245266408e-05   2.30066462710137e+03
   5.10346101704161e-02   4.27884466961260e-05   2.36979587837286e+03
   5.24140903976376e-02   3.63175795942168e-05   2.35812851322536e+03
   5.37935706248590e-02   3.82110504828851e-05   2.97271830254748e+03
   5.51730508520805e-02   4.71461535385227e-05   4.11172366166315e+03
   5.65525310793019e-02   4.81413716121465e-05   4.29468406388598e+03
   5.79320113065234e-02   4.01246192337152e-05   3.43511113302343e+03
   5.93114915337448e-02   3.40333207835024e-05   2.66247052690283e+03
   6.06909717609663e-02   3.25086288991307e-05   2.24346671728551e+03
   6.20704519881878e-02   2.98188101698173e-05   1.97299185472579e+03
   6.34499322154092e-02   2.19268904732683e-05   1.62406742684317e+03
   6.48294124426307e-02   1.61525862347276e-05   1.48984760908454e+03
   6.62088926698521e-02   1.37962642252055e-05   1.66719522826468e+03
   6.75883728970736e-02   1.42112136968983e-05   2.24582913012109e+03
   6.89678531242950e-02   1.69918758556803e-05   3.28276929407077e+03
   7.03473333515165e-02   1.87038339658488e-05   3.95251570961786e+03
   7.17268135787379e-02   1.74240610309727e-05   3.70893323329445e+03
   7.31062938059594e-02   1.79170808452990e-05   3.51929725020150e+03
   7.44857740331808e-02   1.88694398516977e-05   3.37681414747469e+03
   7.58652542604023e-02   1.57020666491043e-05   2.93808105017444e+03
   7.72447344876237e-02   1.26569070940582e-05   2.78474226936939e+03
   7.86242147148452e-02   1.14156315260531e-05   2.89021825149259e+03
   8.00036949420666e-02   9.74972313972059e-06   2.69676428552221e+03
   8.13831751692881e-02   8.29493940388249e-06   2.70546300697477e+03
   8.27626553965095e-02   8.32363685841273e-06   3.40127854076039e+03
   8.41421356237310e-02   8.55679782716388e-06   3.98200348418174e+03
