  -5.24264068711928e-02   2.23910027941451e-05   3.34838273544298e+03
  -5.10469266439714e-02   2.95913654025704e-05   4.34411164029142e+03
  -4.96674464167499e-02   3.34743400926469e-05   5.00362880542402e+03
  -4.82879661895285e-02   3.52688132374789e-05   5.45365601697224e+03
  -4.69084859623070e-02   3.50759441036305e-05   5.66870789180724e+03
  -4.55290057350856e-02   3.51265579983506e-05   5.95083450054580e+03
  -4.41495255078641e-02   3.42972702059525e-05   6.09153429954301e+03
  -4.27700452806427e-02   3.25718681366444e-05   6.11555180035753e+03
  -4.13905650534212e-02   3.26392143864632e-05   6.44413454020963e+03
  -4.00110848261998e-02   3.13708289155436e-05   6.50559653582043e+03
  -3.86316045989783e-02   2.89402415669342e-05   6.36709367078224e+03
  -3.72521243717569e-02   2.89126309602147e-05   6.71733513915593e+03
  -3.58726441445354e-02   2.85888296712225e-05   6.96760588289937e+03
  -3.44931639173140e-02   2.63566446870016e-05   6.77729683768230e+03
  -3.31136836900925e-02   2.45187938859408e-05   6.69846409026623e+03
  -3.17342034628710e-02   2.51363770864499e-05   7.24142252698016e+03
  -3.03547232356496e-02   2.46640537836401e-05   7.43630784548358e+03
  -2.89752430084281e-02   2.25252242225437e-05   7.15355505602382e+03
  -2.75957627812067e-02   2.11001656196244e-05   7.08407473509219e+03
  -2.62162825539852e-02   2.12067573107315e-05   7.51800585074941e+03
  -2.48368023267638e-02   2.18087446581877e-05   8.06756933374847e+03
  -2.34573220995423e-02   2.03065147510649e-05   7.80599853620269e+03
  -2.20778418723209e-02   1.87737120178651e-05   7.53149344851507e+03
  -2.06983616450994e-02   1.87365607755724e-05   7.84121610169160e+03
  -1.93188814178780e-02   1.95585725783192e-05   8.47595914950688e+03
  -1.79394011906565e-02   2.01201908094411e-05   8.87226615295525e+03
  -1.65599209634351e-02   1.97017087461953e-05   8.63183683941682e+03
  -1.51804407362136e-02   1.98889269992280e-05   8.48437954915991e+03
  -1.38009605089922e-02   2.24385656274494e-05   9.23107500043576e+03
  -1.24214802817707e-02   2.74005872602506e-05   1.04503854191784e+04
  -1.10420000545493e-02   3.48845249919780e-05   1.14558857634414e+04
  -9.66251982732780e-03   4.49542617842174e-05   1.24154147523975e+04
  -8.28303960010635e-03   5.29839827381204e-05   1.32527151989148e+04
  -6.90355937288490e-03   5.70626297554813e-05   1.41930553057830e+04
  -5.52407914566345e-03   5.87905212552864e-05   1.56105915683091e+04
  -4.14459891844200e-03   5.87220298971163e-05   1.61791967999627e+04
  -2.76511869122054e-03   5.62861749028151e-05   1.59389160229161e+04
  -1.38563846399909e-03   5.45509272966989e-05   1.59717000122295e+04
  -6.15823677763139e-06   5.25384673698964e-05   1.62504417196326e+04
   1.37332199044382e-03   5.00928691526670e-05   1.70041519175677e+04
   2.75280221766527e-03   4.96447381274228e-05   1.81367210669017e+04
   4.13228244488673e-03   4.66056907297814e-05   1.77590537587578e+04
   5.51176267210818e-03   4.33010136464699e-05   1.73190957955788e+04
   6.89124289932963e-03   4.26227949378515e-05   1.78656508956516e+04
   8.27072312655108e-03   4.04850595778126e-05   1.85132747447888e+04
   9.65020335377254e-03   3.79031230118119e-05   1.92041906723386e+04
   1.10296835809940e-02   3.69418323193688e-05   1.97816064260176e+04
   1.24091638082154e-02   3.55900809942532e-05   1.95320739541351e+04
   1.37886440354369e-02   3.24227850267841e-05   1.90841712407984e+04
   1.51681242626583e-02   3.08761073305668e-05   1.98580454420897e+04
   1.65476044898798e-02   3.07774343595945e-05   2.14124371115001e+04
   1.79270847171012e-02   2.93746874231139e-05   2.18348243455497e+04
   1.93065649443227e-02   2.67666226320279e-05   2.13451758391540e+04
   2.06860451715442e-02   2.56171154090002e-05   2.13182890248471e+04
   2.20655253987656e-02   2.54292857226851e-05   2.23251719137136e+04
   2.34450056259871e-02   2.43370722380549e-05   2.35777231449069e+04
   2.48244858532085e-02   2.28225399418941e-05   2.40915082121051e+04
   2.62039660804300e-02   2.22870448717278e-05   2.44218310052081e+04
   2.75834463076514e-02   2.26920517822834e-05   2.51664325306716e+04
   2.89629265348729e-02   2.24382470253177e-05   2.56729543141384e+04
   3.03424067620943e-02   2.32258824317692e-05   2.75084584492750e+04
   3.17218869893158e-02   2.62159902237236e-05   3.02200333707336e+04
   3.31013672165372e-02   3.04440495940500e-05   3.25206514254508e+04
   3.44808474437587e-02   3.23946448133204e-05   3.36455443794111e+04
   3.58603276709801e-02   3.24416915385678e-05   3.46779211461156e+04
   3.72398078982016e-02   3.22613391563799e-05   3.72486481056887e+04
   3.86192881254230e-02   3.17149445313339e-05   3.95629666760890e+04
   3.99987683526445e-02   3.02662471056129e-05   3.98310022472240e+04
   4.13782485798660e-02   2.84411349753194e-05   3.99283441619959e+04
   4.27577288070874e-02   2.73083930722661e-05   4.18512528934456e+04
   4.41372090343089e-02   2.61457503031031e-05   4.48060724547437e+04
   4.55166892615303e-02   2.48350164150781e-05   4.61620108358244e+04
   4.68961694887518e-02   2.30144322935650e-05   4.63025971553409e+04
   4.82756497159732e-02   2.20120752950394e-05   4.84144866795110e+04
   4.96551299431947e-02   2.09977609630220e-05   5.18954843460132e+04
   5.10346101704161e-02   1.95644230255160e-05   5.43970018406743e+04
   5.24140903976376e-02   1.85268727226649e-05   5.59731847036546e+04
   5.37935706248590e-02   1.74734089738008e-05   5.88348034759435e+04
   5.51730508520805e-02   1.65131344424931e-05   6.31662910655474e+04
   5.65525310793019e-02   1.55484368026363e-05   6.42627358484024e+04
   5.79320113065234e-02   1.44213308587132e-05   6.28787531709793e+04
   5.93114915337448e-02   1.36518193613871e-05   6.37696686936820e+04
   6.06909717609663e-02   1.27730481337226e-05   6.41670359669452e+04
   6.20704519881878e-02   1.18522421264641e-05   6.41122588808985e+04
   6.34499322154092e-02   1.12605145299732e-05   6.59202765057189e+04
   6.48294124426307e-02   1.05128826083502e-05   6.77782869941990e+04
   6.62088926698521e-02   9.86787889824391e-06   7.03926116095074e+04
   6.75883728970736e-02   9.38481146204848e-06   7.38032365856360e+04
   6.89678531242950e-02   8.76688589398959e-06   7.70136161954622e+04
   7.03473333515165e-02   8.20403479404316e-06   7.88411804068910e+04
   7.17268135787379e-02   7.49079891558212e-06   7.71775380979388e+04
   7.31062938059594e-02   6.78277016455500e-06   7.50889172150644e+04
   7.44857740331808e-02   6.17200498510033e-06   7.32252708786816e+04
   7.58652542604023e-02   5.59751390422415e-06   7.20079677457141e+04
   7.72447344876237e-02   5.11443865490219e-06   7.16158305440419e+04
   7.86242147148452e-02   4.66415864137971e-06   7.17503715879958e+04
   8.00036949420666e-02   4.27932920155053e-06   7.34009371510098e+04
   8.13831751692881e-02   3.97713337559678e-06   7.90964807837538e+04
   8.27626553965095e-02   3.74881321609481e-06   8.91200740714000e+04
   8.41421356237310e-02   3.39530518280359e-06   9.26911555151453e+04
