  -5.24264068711928e-02   4.16801958448959e-05   5.08805284924914e+02
  -5.10469266439714e-02   5.51659070797527e-05   6.65169899637921e+02
  -4.96674464167499e-02   7.65888875864657e-05   9.10131411182381e+02
  -4.82879661895285e-02   8.50013620521790e-05   1.01727328114885e+03
  -4.69084859623070e-02   6.54883084281036e-05   8.31142319161336e+02
  -4.55290057350856e-02   5.11048878946103e-05   7.10120960708205e+02
  -4.41495255078641e-02   5.14595076902472e-05   7.67527535000473e+02
  -4.27700452806427e-02   6.55999821851656e-05   1.00657322889576e+03
  -4.13905650534212e-02   8.11448838949339e-05   1.26309539581446e+03
  -4.00110848261998e-02   7.85012495999071e-05   1.26695652919367e+03
  -3.86316045989783e-02   7.66202287812408e-05   1.29137391611629e+03
  -3.72521243717569e-02   6.84681889765217e-05   1.19649522722456e+03
  -3.58726441445354e-02   4.89045805235175e-05   9.05149877577246e+02
  -3.44931639173140e-02   3.60217055661727e-05   7.25668487352459e+02
  -3.31136836900925e-02   3.14509538814198e-05   6.93954022295894e+02
  -3.17342034628710e-02   3.35111683684570e-05   7.96232770608871e+02
  -3.03547232356496e-02   4.33180940455838e-05   1.07699977474218e+03
  -2.89752430084281e-02   6.22977751089713e-05   1.58057275230565e+03
  -2.75957627812067e-02   7.37184741339798e-05   1.89174583591317e+03
  -2.62162825539852e-02   5.84776514811681e-05   1.53536030324814e+03
  -2.48368023267638e-02   4.33280035292728e-05   1.19083522064154e+03
  -2.34573220995423e-02   3.92738681525030e-05   1.14563822213616e+03
  -2.20778418723209e-02   4.22506123396285e-05   1.29136106329668e+03
  -2.06983616450994e-02   3.98052911548954e-05   1.23882996316689e+03
  -1.93188814178780e-02   3.18888444092213e-05   9.96155062798801e+02
  -1.79394011906565e-02   2.78467120585669e-05   8.75586198369415e+02
  -1.65599209634351e-02   2.85287449261645e-05   9.10259236749467e+02
  -1.51804407362136e-02   3.39197339459205e-05   1.10777266262295e+03
  -1.38009605089922e-02   4.53900788319760e-05   1.51808115709592e+03
  -1.24214802817707e-02   6.20116382722729e-05   2.04600888028218e+03
  -1.10420000545493e-02   8.10472755158103e-05   2.48714469264653e+03
  -9.66251982732780e-03   1.01519584804814e-04   2.81615121087598e+03
  -8.28303960010635e-03   1.16134463282822e-04   2.60692336939880e+03
  -6.90355937288490e-03   1.23695241409445e-04   2.29536994133433e+03
  -5.52407914566345e-03   1.03616129816114e-04   1.96029320697355e+03
  -4.14459891844200e-03   8.89998433832605e-05   1.89151940214365e+03
  -2.76511869122054e-03   9.83968360035145e-05   2.24268008759984e+03
  -1.38563846399909e-03   1.18615087773428e-04   2.65457870923662e+03
  -6.15823677763139e-06   1.18710709502811e-04   2.57637301449809e+03
   1.37332199044382e-03   1.11302544747364e-04   2.46108310449635e+03
   2.75280221766527e-03   9.25407189356760e-05   2.35825452721015e+03
   4.13228244488673e-03   7.35158804636056e-05   2.48146694745691e+03
   5.51176267210818e-03   6.95369326740825e-05   3.00295199237499e+03
   6.89124289932963e-03   7.51972645144623e-05   3.31965983204017e+03
   8.27072312655108e-03   9.18163373110631e-05   3.59461170352244e+03
   9.65020335377254e-03   1.09751798447498e-04   4.16800563391502e+03
   1.10296835809940e-02   9.51398887490843e-05   3.91364112324614e+03
   1.24091638082154e-02   7.28174526818015e-05   3.07064864398344e+03
   1.37886440354369e-02   6.51728914579480e-05   2.66663164906244e+03
   1.51681242626583e-02   5.93147540057487e-05   2.49506936469599e+03
   1.65476044898798e-02   4.75950246098621e-05   2.34274306630197e+03
   1.79270847171012e-02   4.18742109268866e-05   2.52070227198550e+03
   1.93065649443227e-02   4.38632727706893e-05   2.88039862175626e+03
   2.06860451715442e-02   5.25573951701649e-05   3.30922610706426e+03
   2.20655253987656e-02   6.39686425004699e-05   4.04303250205996e+03
   2.34450056259871e-02   7.03992512557829e-05   4.87762122775545e+03
   2.48244858532085e-02   6.29006525424866e-05   5.05327891140046e+03
   2.62039660804300e-02   4.85258308979997e-05   4.43282347756581e+03
   2.75834463076514e-02   4.10403760894618e-05   3.90302274984361e+03
   2.89629265348729e-02   4.23048344410887e-05   4.14464855379620e+03
   3.03424067620943e-02   4.57246531721570e-05   4.46859342985091e+03
   3.17218869893158e-02   4.69125350352475e-05   4.11751012883198e+03
   3.31013672165372e-02   5.31831111917891e-05   4.09442301915232e+03
   3.44808474437587e-02   6.46098209038617e-05   4.76377250736659e+03
   3.58603276709801e-02   6.85989469017153e-05   5.52612166161601e+03
   3.72398078982016e-02   6.60457812062422e-05   5.99024542732637e+03
   3.86192881254230e-02   6.95485626888328e-05   6.61096587984898e+03
   3.99987683526445e-02   6.83126288085112e-05   7.05865607744148e+03
   4.13782485798660e-02   5.93083447598076e-05   7.19234506316117e+03
   4.27577288070874e-02   4.83838531612918e-05   6.94643664345770e+03
   4.41372090343089e-02   4.33942420263068e-05   6.74562430949399e+03
   4.55166892615303e-02   4.63846102803615e-05   7.18383373339068e+03
   4.68961694887518e-02   5.17905483804961e-05   7.67589033565081e+03
   4.82756497159732e-02   5.04518215009683e-05   7.72282442133494e+03
   4.96551299431947e-02   4.65460239016259e-05   7.98014142537347e+03
   5.10346101704161e-02   4.17686581200312e-05   8.04757944716663e+03
   5.24140903976376e-02   3.60322955822267e-05   8.18382728049620e+03
   5.37935706248590e-02   3.36127037862343e-05   9.28116232353850e+03
   5.51730508520805e-02   3.45568401829039e-05   1.11529721632106e+04
   5.65525310793019e-02   3.61656988925538e-05   1.16399336222263e+04
   5.79320113065234e-02   3.34695319241573e-05   1.02503552067884e+04
   5.93114915337448e-02   2.86101451491049e-05   9.38550080538630e+03
   6.06909717609663e-02   2.70489773333392e-05   9.79954839872929e+03
   6.20704519881878e-02   2.58428575653074e-05   1.00811030107414e+04
   6.34499322154092e-02   2.38155499156995e-05   1.02566847459636e+04
   6.48294124426307e-02   2.36711853807752e-05   1.10110698052695e+04
   6.62088926698521e-02   2.33857079917056e-05   1.15359332377852e+04
   6.75883728970736e-02   2.21335730750743e-05   1.20172726922519e+04
   6.89678531242950e-02   2.02823792237660e-05   1.25251438556842e+04
   7.03473333515165e-02   1.85293876961113e-05   1.27258352814668e+04
   7.17268135787379e-02   1.65364003432461e-05   1.18225559974041e+04
   7.31062938059594e-02   1.55123681057637e-05   1.15770054568428e+04
   7.44857740331808e-02   1.51175686881829e-05   1.20407493520746e+04
   7.58652542604023e-02   1.38129291795667e-05   1.21080602687251e+04
   7.72447344876237e-02   1.18830370943953e-05   1.12939042209095e+04
   7.86242147148452e-02   1.05834701571504e-05   1.10529474189520e+04
   8.00036949420666e-02   1.02314261311861e-05   1.18320127577135e+04
   8.13831751692881e-02   9.79188182990939e-06   1.28728931032334e+04
   8.27626553965095e-02   9.10195218405023e-06   1.41645349800055e+04
   8.41421356237310e-02   8.34268340550125e-06   1.48162254573632e+04
