  -5.24264068711928e-02   4.46246916330554e-05   1.20752615925469e+03
  -5.10469266439714e-02   5.98422236439201e-05   1.58251049480243e+03
  -4.96674464167499e-02   6.43737716430062e-05   1.74479525882508e+03
  -4.82879661895285e-02   6.96250594471315e-05   1.95327844194432e+03
  -4.69084859623070e-02   7.60482827394217e-05   2.19084440542180e+03
  -4.55290057350856e-02   7.12657918453060e-05   2.14193411320042e+03
  -4.41495255078641e-02   6.11237791233759e-05   1.96178570417986e+03
  -4.27700452806427e-02   6.21958595843554e-05   2.11747396443522e+03
  -4.13905650534212e-02   7.26676107143271e-05   2.54925716984170e+03
  -4.00110848261998e-02   6.99932203427819e-05   2.54493590079356e+03
  -3.86316045989783e-02   6.09901549716646e-05   2.34328867824216e+03
  -3.72521243717569e-02   5.37426878482592e-05   2.18841006909604e+03
  -3.58726441445354e-02   4.75767125854614e-05   2.07712914789961e+03
  -3.44931639173140e-02   5.10012155122976e-05   2.36147719586167e+03
  -3.31136836900925e-02   6.05542825814346e-05   2.90239831464178e+03
  -3.17342034628710e-02   6.19152161797965e-05   3.05686150554111e+03
  -3.03547232356496e-02   5.04181929965839e-05   2.60115197173393e+03
  -2.89752430084281e-02   4.21119896084414e-05   2.31325913953008e+03
  -2.75957627812067e-02   4.05370697532620e-05   2.35943304267384e+03
  -2.62162825539852e-02   3.86202583452571e-05   2.37315932798884e+03
  -2.48368023267638e-02   4.03422217075270e-05   2.62312970942952e+03
  -2.34573220995423e-02   4.67012957167353e-05   3.16253655197729e+03
  -2.20778418723209e-02   4.79927063738022e-05   3.35001226516206e+03
  -2.06983616450994e-02   4.64742977180031e-05   3.33346435361061e+03
  -1.93188814178780e-02   4.02962479384817e-05   2.92150325271498e+03
  -1.79394011906565e-02   3.43743844997017e-05   2.50801689358283e+03
  -1.65599209634351e-02   3.46070783033858e-05   2.56671979469095e+03
  -1.51804407362136e-02   3.94664339620869e-05   2.95715598657610e+03
  -1.38009605089922e-02   4.63066833278631e-05   3.40551641624400e+03
  -1.24214802817707e-02   5.81150526183290e-05   4.08458006830843e+03
  -1.10420000545493e-02   7.34704532141163e-05   4.57284416504394e+03
  -9.66251982732780e-03   9.08358081570963e-05   4.71387140819718e+03
  -8.28303960010635e-03   1.05313538600073e-04   5.04995886801585e+03
  -6.90355937288490e-03   1.11380376834925e-04   5.14191260583987e+03
  -5.52407914566345e-03   1.14475818026384e-04   4.93975292851077e+03
  -4.14459891844200e-03   1.07113023741027e-04   4.83171384777900e+03
  -2.76511869122054e-03   1.02555406190793e-04   5.27599709620894e+03
  -1.38563846399909e-03   1.13707967185142e-04   6.39177019998586e+03
  -6.15823677763139e-06   1.14736343006309e-04   6.93331314038578e+03
   1.37332199044382e-03   1.02876696019753e-04   6.69510525621185e+03
   2.75280221766527e-03   9.03428623441991e-05   6.13316142512686e+03
   4.13228244488673e-03   8.71770572021362e-05   5.93828201580765e+03
   5.51176267210818e-03   9.57707248844407e-05   6.55370692888216e+03
   6.89124289932963e-03   9.24708241358639e-05   6.50828764100474e+03
   8.27072312655108e-03   7.67004460581271e-05   5.82122338511038e+03
   9.65020335377254e-03   6.98799319039127e-05   5.97256582258059e+03
   1.10296835809940e-02   6.94005218335402e-05   6.95244764448664e+03
   1.24091638082154e-02   7.44192627909538e-05   8.10004722272529e+03
   1.37886440354369e-02   7.74480865778831e-05   8.29481719644066e+03
   1.51681242626583e-02   7.26740751306704e-05   7.94534011631966e+03
   1.65476044898798e-02   6.08542902664186e-05   7.02133118018278e+03
   1.79270847171012e-02   5.14153086576461e-05   6.50192256357146e+03
   1.93065649443227e-02   5.11358897190375e-05   7.01125310155406e+03
   2.06860451715442e-02   5.36250370897090e-05   7.52152993841592e+03
   2.20655253987656e-02   5.66575207058583e-05   8.17277860643103e+03
   2.34450056259871e-02   5.51478663990071e-05   9.00257800191233e+03
   2.48244858532085e-02   5.19263672523866e-05   9.65037470274598e+03
   2.62039660804300e-02   4.70265665603937e-05   9.30243961021471e+03
   2.75834463076514e-02   4.18591623037917e-05   8.63812919033840e+03
   2.89629265348729e-02   4.33216335519891e-05   8.75971550486691e+03
   3.03424067620943e-02   5.01877574924621e-05   9.52962996547323e+03
   3.17218869893158e-02   5.73355551507761e-05   1.06628848706038e+04
   3.31013672165372e-02   6.19176751673920e-05   1.13931677721028e+04
   3.44808474437587e-02   6.34193681636593e-05   1.20938259212806e+04
   3.58603276709801e-02   6.49767289492128e-05   1.34002261039243e+04
   3.72398078982016e-02   6.16410223883783e-05   1.37257187948987e+04
   3.86192881254230e-02   6.13052061730924e-05   1.39282284106448e+04
   3.99987683526445e-02   6.33842769519745e-05   1.46614596138102e+04
   4.13782485798660e-02   5.93221203664294e-05   1.45199916778364e+04
   4.27577288070874e-02   5.44193663330920e-05   1.44878440414291e+04
   4.41372090343089e-02   5.27887615775957e-05   1.50640240246994e+04
   4.55166892615303e-02   4.99356963577992e-05   1.63085703847594e+04
   4.68961694887518e-02   4.59037302605687e-05   1.76580732228524e+04
   4.82756497159732e-02   4.48186406925467e-05   1.85296083692358e+04
   4.96551299431947e-02   4.58448265313269e-05   1.92856280499673e+04
   5.10346101704161e-02   4.33106518372221e-05   1.90927132689475e+04
   5.24140903976376e-02   3.76709535764086e-05   1.86620737921099e+04
   5.37935706248590e-02   3.43431705689202e-05   2.00194395899269e+04
   5.51730508520805e-02   3.48602737123614e-05   2.35420062240898e+04
   5.65525310793019e-02   3.51186317070822e-05   2.49459356884905e+04
   5.79320113065234e-02   3.27479275326922e-05   2.33647834746062e+04
   5.93114915337448e-02   2.88899007798599e-05   2.17542794871187e+04
   6.06909717609663e-02   2.63607802843984e-05   2.16091919076688e+04
   6.20704519881878e-02   2.63205477643149e-05   2.31943413673614e+04
   6.34499322154092e-02   2.57564561509794e-05   2.49078682847834e+04
   6.48294124426307e-02   2.39740851083616e-05   2.51992849874340e+04
   6.62088926698521e-02   2.17685158094307e-05   2.45789679750060e+04
   6.75883728970736e-02   2.07189757731882e-05   2.55969513692596e+04
   6.89678531242950e-02   2.07337378875425e-05   2.82059254294757e+04
   7.03473333515165e-02   1.93767881854866e-05   2.91681293951237e+04
   7.17268135787379e-02   1.70371311705520e-05   2.73094895444843e+04
   7.31062938059594e-02   1.56642661187699e-05   2.66621950610068e+04
   7.44857740331808e-02   1.47368931533443e-05   2.67750137636218e+04
   7.58652542604023e-02   1.31730919080837e-05   2.59449607500945e+04
   7.72447344876237e-02   1.19196625475725e-05   2.55466402635759e+04
   7.86242147148452e-02   1.11399193626845e-05   2.59631552291234e+04
   8.00036949420666e-02   1.02274643607930e-05   2.64478216682812e+04
   8.13831751692881e-02   9.54189770614877e-06   2.83992410405887e+04
   8.27626553965095e-02   9.15860218357789e-06   3.21302236440867e+04
   8.41421356237310e-02   8.36493718636220e-06   3.33560568311656e+04
