  -5.24264068711928e-02   2.24171017695090e-04   1.32261405004742e+02
  -5.10469266439714e-02   1.72294485070804e-04   1.02748645700445e+02
  -4.96674464167499e-02   1.02101673676442e-04   6.27714973378876e+01
  -4.82879661895285e-02   6.13508288936145e-05   3.96432985056757e+01
  -4.69084859623070e-02   3.98621217831137e-05   2.75435686541235e+01
  -4.55290057350856e-02   2.79274076734901e-05   2.09217542654846e+01
  -4.41495255078641e-02   2.08335825131165e-05   1.70841056634825e+01
  -4.27700452806427e-02   1.63674084945778e-05   1.47667623141445e+01
  -4.13905650534212e-02   1.34310311683844e-05   1.33440364330055e+01
  -4.00110848261998e-02   1.14434732938072e-05   1.24861977242501e+01
  -3.86316045989783e-02   1.00790814408614e-05   1.20099722155557e+01
  -3.72521243717569e-02   9.14675444220602e-06   1.18095724187213e+01
  -3.58726441445354e-02   8.53078615952051e-06   1.18229901966425e+01
  -3.44931639173140e-02   8.16035863257218e-06   1.20147090823404e+01
  -3.31136836900925e-02   7.99322018627904e-06   1.23665748601946e+01
  -3.17342034628710e-02   8.00687487845225e-06   1.28730234872523e+01
  -3.03547232356496e-02   8.19410467941220e-06   1.35388701447691e+01
  -2.89752430084281e-02   8.56134537634811e-06   1.43788435790505e+01
  -2.75957627812067e-02   9.12938493430887e-06   1.54186036129196e+01
  -2.62162825539852e-02   9.93654386007220e-06   1.66973908407885e+01
  -2.48368023267638e-02   1.10452505458598e-05   1.82729093913235e+01
  -2.34573220995423e-02   1.25540974907320e-05   2.02297387422955e+01
  -2.20778418723209e-02   1.46196947284262e-05   2.26938644969530e+01
  -2.06983616450994e-02   1.74973439191353e-05   2.58585889105430e+01
  -1.93188814178780e-02   2.16202153085986e-05   3.00330098349698e+01
  -1.79394011906565e-02   2.77623247332084e-05   3.57382626393563e+01
  -1.65599209634351e-02   3.73950516027431e-05   4.39114893335378e+01
  -1.51804407362136e-02   5.35080882993433e-05   5.63636951749811e+01
  -1.38009605089922e-02   8.24704457128186e-05   7.68010919093429e+01
  -1.24214802817707e-02   1.36699595436502e-04   1.12313385965670e+02
  -1.10420000545492e-02   2.21650505150447e-04   1.66840538957285e+02
  -9.66251982732779e-03   2.57145533510840e-04   2.00850170359546e+02
  -8.28303960010634e-03   1.88296270664676e-04   1.89708898169737e+02
  -6.90355937288489e-03   1.27599732620972e-04   1.99402417582903e+02
  -5.52407914566343e-03   1.05941657387353e-04   2.62436787140716e+02
  -4.14459891844198e-03   1.17346967359922e-04   4.08597437693288e+02
  -2.76511869122052e-03   1.57443291879687e-04   6.56482697909173e+02
  -1.38563846399907e-03   1.75961885059206e-04   7.78599815445083e+02
  -6.15823677761751e-06   1.26916220435796e-04   5.58510500145387e+02
   1.37332199044383e-03   7.80062454212464e-05   3.32601491697373e+02
   2.75280221766529e-03   5.03494808170125e-05   2.06828835025137e+02
   4.13228244488674e-03   3.53236144123946e-05   1.40320313661554e+02
   5.51176267210820e-03   2.66599749141855e-05   1.03181591439565e+02
   6.89124289932965e-03   2.13545048138116e-05   8.12049615357840e+01
   8.27072312655110e-03   1.79719780393333e-05   6.76843717775217e+01
   9.65020335377256e-03   1.57880688695681e-05   5.92794587202650e+01
   1.10296835809940e-02   1.44193428518600e-05   5.42403499707961e+01
   1.24091638082155e-02   1.36606071239584e-05   5.16310336123767e+01
   1.37886440354369e-02   1.34110957539233e-05   5.09764745517749e+01
   1.51681242626584e-02   1.36422086929693e-05   5.21039265231816e+01
   1.65476044898798e-02   1.43884313614004e-05   5.50875287853189e+01
   1.79270847171013e-02   1.57563621323158e-05   6.02667591759456e+01
   1.93065649443227e-02   1.79558793575688e-05   6.83474588144079e+01
   2.06860451715442e-02   2.13693676900890e-05   8.06386953266599e+01
   2.20655253987656e-02   2.66992286555337e-05   9.95658245253767e+01
   2.34450056259871e-02   3.52927472850690e-05   1.29809191286274e+02
   2.48244858532085e-02   4.98894198133603e-05   1.80936002087715e+02
   2.62039660804300e-02   7.63170412980042e-05   2.73378778056627e+02
   2.75834463076515e-02   1.26024908594939e-04   4.47155266976720e+02
   2.89629265348729e-02   2.05568324525222e-04   7.21960388062852e+02
   3.03424067620944e-02   2.50431795843574e-04   8.52996811946425e+02
   3.17218869893158e-02   2.12094363433157e-04   6.65873838832048e+02
   3.31013672165373e-02   1.53304782376251e-04   4.51506196591657e+02
   3.44808474437587e-02   9.59863332393940e-05   2.91937555610676e+02
   3.58603276709802e-02   6.01352591658345e-05   1.99527795434724e+02
   3.72398078982016e-02   4.03978142000048e-05   1.50165520946407e+02
   3.86192881254231e-02   2.90862465920703e-05   1.23686496702980e+02
   3.99987683526445e-02   2.21753569331506e-05   1.10046691961642e+02
   4.13782485798660e-02   1.77239071754444e-05   1.04583648029439e+02
   4.27577288070874e-02   1.47543405896949e-05   1.05270942495537e+02
   4.41372090343089e-02   1.27478075468871e-05   1.11580446888706e+02
   4.55166892615304e-02   1.14216520492794e-05   1.24145072701338e+02
   4.68961694887518e-02   1.06295745706583e-05   1.44944821746557e+02
   4.82756497159733e-02   1.03208494567272e-05   1.78122294088760e+02
   4.96551299431947e-02   1.05376727599750e-05   2.32015365749394e+02
   5.10346101704162e-02   1.14553034149336e-05   3.23978291854039e+02
   5.24140903976376e-02   1.34917936504968e-05   4.90945930638016e+02
   5.37935706248591e-02   1.74287730622609e-05   7.98282221984912e+02
   5.51730508520805e-02   2.33782127565585e-05   1.21658173572285e+03
   5.65525310793020e-02   2.77915946124115e-05   1.27052212405410e+03
   5.79320113065234e-02   3.26492096821915e-05   9.85348029862526e+02
   5.93114915337449e-02   4.60972629646023e-05   8.84950830400727e+02
   6.06909717609663e-02   6.90659081004696e-05   1.01008209756831e+03
   6.20704519881878e-02   7.50625198213149e-05   1.02493114456212e+03
   6.34499322154092e-02   5.23873279454717e-05   7.78645716631925e+02
   6.48294124426307e-02   3.34615878958582e-05   6.13335620245708e+02
   6.62088926698522e-02   2.45111287488445e-05   6.12850337230821e+02
   6.75883728970736e-02   2.24054878713143e-05   7.88217389301811e+02
   6.89678531242951e-02   2.49644683397169e-05   1.13370281966252e+03
   7.03473333515165e-02   2.50943284464153e-05   1.25631866521394e+03
   7.17268135787380e-02   1.82883395857764e-05   8.96564660054550e+02
   7.31062938059594e-02   1.22932871457676e-05   5.68606690098718e+02
   7.44857740331809e-02   8.87816805647437e-06   3.95475223319810e+02
   7.58652542604023e-02   6.99253345493181e-06   3.16069731191498e+02
   7.72447344876238e-02   5.95942821636723e-06   2.92966791955058e+02
   7.86242147148452e-02   5.50773764609671e-06   3.17087491260239e+02
   8.00036949420667e-02   5.62694788934139e-06   4.02876548235665e+02
   8.13831751692881e-02   6.55741219785619e-06   5.95286576778314e+02
   8.27626553965096e-02   8.59470887116679e-06   9.43971036833638e+02
   8.41421356237310e-02   1.00794568146427e-05   1.20152707629529e+03
