  -5.24264068711928e-02   8.37271972880862e-05   5.91552547918021e+01
  -5.10469266439714e-02   8.09941078194310e-05   5.80157125256112e+01
  -4.96674464167499e-02   7.35369459649583e-05   5.42024475722376e+01
  -4.82879661895285e-02   6.39205251327861e-05   4.91850122465439e+01
  -4.69084859623070e-02   5.43560695643682e-05   4.42311203069326e+01
  -4.55290057350856e-02   4.60056166781086e-05   4.00089084500033e+01
  -4.41495255078641e-02   3.92020532125589e-05   3.67128491478105e+01
  -4.27700452806427e-02   3.38610257203051e-05   3.42994102021417e+01
  -4.13905650534212e-02   2.97573832453212e-05   3.26452627540063e+01
  -4.00110848261998e-02   2.66552253395369e-05   3.16217941381205e+01
  -3.86316045989783e-02   2.43542041466717e-05   3.11217603683977e+01
  -3.72521243717569e-02   2.26989215968617e-05   3.10648749284764e+01
  -3.58726441445354e-02   2.15751771955144e-05   3.13959310257381e+01
  -3.44931639173140e-02   2.09031138175825e-05   3.20812187875595e+01
  -3.31136836900925e-02   2.06309397345083e-05   3.31053615759513e+01
  -3.17342034628710e-02   2.07303199463840e-05   3.44692242583580e+01
  -3.03547232356496e-02   2.11936159565513e-05   3.61890334381866e+01
  -2.89752430084281e-02   2.20329169842652e-05   3.82967284375081e+01
  -2.75957627812067e-02   2.32808252524735e-05   4.08415928303152e+01
  -2.62162825539852e-02   2.49930589369444e-05   4.38933029048051e+01
  -2.48368023267638e-02   2.72530280952769e-05   4.75466251711460e+01
  -2.34573220995423e-02   3.01785148028568e-05   5.19280486461315e+01
  -2.20778418723209e-02   3.39302125036036e-05   5.72045325255092e+01
  -2.06983616450994e-02   3.87205739906060e-05   6.35939926362239e+01
  -1.93188814178780e-02   4.48178461816404e-05   7.13754489523573e+01
  -1.79394011906565e-02   5.25315956121820e-05   8.08924746052027e+01
  -1.65599209634351e-02   6.21483142815823e-05   9.25345058532485e+01
  -1.51804407362136e-02   7.37587884608302e-05   1.06666439017949e+02
  -1.38009605089922e-02   8.69127617223995e-05   1.23472660668703e+02
  -1.24214802817707e-02   1.00167356773191e-04   1.42745970913824e+02
  -1.10420000545492e-02   1.11014429833822e-04   1.63859302077481e+02
  -9.66251982732779e-03   1.16974719083758e-04   1.86292308734726e+02
  -8.28303960010634e-03   1.17504869958979e-04   2.10446430129675e+02
  -6.90355937288489e-03   1.14507502488908e-04   2.37446928595435e+02
  -5.52407914566343e-03   1.10558417564274e-04   2.67288368987133e+02
  -4.14459891844198e-03   1.06896279758874e-04   2.96519017515847e+02
  -2.76511869122052e-03   1.02889733364269e-04   3.17602670821614e+02
  -1.38563846399907e-03   9.70315596018222e-05   3.22223048133388e+02
  -6.15823677761751e-06   8.86050322514979e-05   3.07556514781336e+02
   1.37332199044383e-03   7.84397834515534e-05   2.78835795976054e+02
   2.75280221766529e-03   6.81076718997198e-05   2.44906391483346e+02
   4.13228244488674e-03   5.88299099826940e-05   2.12706093338761e+02
   5.51176267210820e-03   5.11390604823927e-05   1.85586785812743e+02
   6.89124289932965e-03   4.50821142640126e-05   1.64336203726954e+02
   8.27072312655110e-03   4.04925198487678e-05   1.48546898122693e+02
   9.65020335377256e-03   3.71574227965627e-05   1.37467352526954e+02
   1.10296835809940e-02   3.48913904245644e-05   1.30387034769623e+02
   1.24091638082155e-02   3.35606770335931e-05   1.26771263928428e+02
   1.37886440354369e-02   3.30877186569988e-05   1.26292207675480e+02
   1.51681242626584e-02   3.34503581744466e-05   1.28827845605136e+02
   1.65476044898798e-02   3.46817688962833e-05   1.34458733958789e+02
   1.79270847171013e-02   3.68728733852654e-05   1.43472152597547e+02
   1.93065649443227e-02   4.01763572028261e-05   1.56371336188644e+02
   2.06860451715442e-02   4.48076130693637e-05   1.73873218876349e+02
   2.20655253987656e-02   5.10299821264275e-05   1.96849602963328e+02
   2.34450056259871e-02   5.90952611660690e-05   2.26109009159572e+02
   2.48244858532085e-02   6.90846082869129e-05   2.61827686755328e+02
   2.62039660804300e-02   8.05840719643805e-05   3.02410188015824e+02
   2.75834463076515e-02   9.22331167312713e-05   3.42958158321613e+02
   2.89629265348729e-02   1.01545144900735e-04   3.74843375306856e+02
   3.03424067620944e-02   1.05715539382135e-04   3.88930301603514e+02
   3.17218869893158e-02   1.03312476009316e-04   3.81703607104747e+02
   3.31013672165373e-02   9.52185920155742e-05   3.57898153170360e+02
   3.44808474437587e-02   8.38621461434210e-05   3.26601326173305e+02
   3.58603276709802e-02   7.17730123446517e-05   2.95942825042493e+02
   3.72398078982016e-02   6.06559523619521e-05   2.70774164921880e+02
   3.86192881254231e-02   5.12586616927106e-05   2.53050714756127e+02
   3.99987683526445e-02   4.36862549692147e-05   2.43109983343603e+02
   4.13782485798660e-02   3.77494943249677e-05   2.40732227424414e+02
   4.27577288070874e-02   3.31813201484571e-05   2.45742994480660e+02
   4.41372090343089e-02   2.97348455267591e-05   2.58292084989559e+02
   4.55166892615304e-02   2.72157079855746e-05   2.78964557196792e+02
   4.68961694887518e-02   2.54861758750790e-05   3.08793446310571e+02
   4.82756497159733e-02   2.44591595643952e-05   3.49141021404194e+02
   4.96551299431947e-02   2.40882220529215e-05   4.01289589033357e+02
   5.10346101704162e-02   2.43530041208369e-05   4.65441570780100e+02
   5.24140903976376e-02   2.52368784622542e-05   5.38876428758329e+02
   5.37935706248591e-02   2.66987074808481e-05   6.13904935138376e+02
   5.51730508520805e-02   2.86552644997475e-05   6.78418673064179e+02
   5.65525310793020e-02   3.09858320337623e-05   7.22058889815281e+02
   5.79320113065234e-02   3.35029539041416e-05   7.43676808311260e+02
   5.93114915337449e-02   3.58195777701772e-05   7.49925765750913e+02
   6.06909717609663e-02   3.72672974401372e-05   7.46665367804247e+02
   6.20704519881878e-02   3.71865120707168e-05   7.35963472135287e+02
   6.34499322154092e-02   3.54775500265603e-05   7.21057486298762e+02
   6.48294124426307e-02   3.27302976955809e-05   7.08858959849105e+02
   6.62088926698522e-02   2.97297564066675e-05   7.04991688001056e+02
   6.75883728970736e-02   2.69535847112030e-05   7.07589428239849e+02
   6.89678531242951e-02   2.44675637084827e-05   7.06309173463549e+02
   7.03473333515165e-02   2.21196285749983e-05   6.88864612693746e+02
   7.17268135787380e-02   1.98040427027874e-05   6.51445814994262e+02
   7.31062938059594e-02   1.75764370602302e-05   6.02280233199128e+02
   7.44857740331809e-02   1.55706808881317e-05   5.54629328223461e+02
   7.58652542604023e-02   1.38837775979587e-05   5.18826999509516e+02
   7.72447344876238e-02   1.25429470778626e-05   4.99968034011541e+02
   7.86242147148452e-02   1.15251399299643e-05   4.98879077175362e+02
   8.00036949420667e-02   1.07762277835488e-05   5.12666407569051e+02
   8.13831751692881e-02   1.02133905837882e-05   5.33769356543653e+02
   8.27626553965096e-02   9.72399319809884e-06   5.49331027085400e+02
   8.41421356237310e-02   9.19056313454907e-06   5.44930196151574e+02
