  -5.24264068711928e-02   1.55155204778918e-04   5.91552547918021e+01
  -5.10469266439714e-02   1.50081313848670e-04   5.80157125256112e+01
  -4.96674464167499e-02   1.36248778323764e-04   5.42024475722376e+01
  -4.82879661895285e-02   1.18412197716624e-04   4.91850122465439e+01
  -4.69084859623070e-02   1.00670641295234e-04   4.42311203069326e+01
  -4.55290057350856e-02   8.51781124672215e-05   4.00089084500033e+01
  -4.41495255078641e-02   7.25514513058599e-05   3.67128491478105e+01
  -4.27700452806427e-02   6.26339390103120e-05   3.42994102021417e+01
  -4.13905650534212e-02   5.50077627963439e-05   3.26452627540063e+01
  -4.00110848261998e-02   4.92350833472574e-05   3.16217941381205e+01
  -3.86316045989783e-02   4.49438439682705e-05   3.11217603683977e+01
  -3.72521243717569e-02   4.18451549927055e-05   3.10648749284764e+01
  -3.58726441445354e-02   3.97262890956196e-05   3.13959310257381e+01
  -3.44931639173140e-02   3.84379092765605e-05   3.20812187875595e+01
  -3.31136836900925e-02   3.78823419820657e-05   3.31053615759513e+01
  -3.17342034628710e-02   3.80049128028151e-05   3.44692242583580e+01
  -3.03547232356496e-02   3.87886643535733e-05   3.61890334381866e+01
  -2.89752430084281e-02   4.02523334901960e-05   3.82967284375081e+01
  -2.75957627812067e-02   4.24514957150517e-05   4.08415928303152e+01
  -2.62162825539852e-02   4.54829661403767e-05   4.38933029048051e+01
  -2.48368023267638e-02   4.94927148459985e-05   4.75466251711460e+01
  -2.34573220995423e-02   5.46875236029489e-05   5.19280486461315e+01
  -2.20778418723209e-02   6.13499724995062e-05   5.72045325255092e+01
  -2.06983616450994e-02   6.98541025586041e-05   6.35939926362239e+01
  -1.93188814178780e-02   8.06729463857542e-05   7.13754489523573e+01
  -1.79394011906565e-02   9.43543244610225e-05   8.08924746052027e+01
  -1.65599209634351e-02   1.11410719353692e-04   9.25345058532485e+01
  -1.51804407362136e-02   1.32022555777637e-04   1.06666439017949e+02
  -1.38009605089922e-02   1.55443507785991e-04   1.23472660668703e+02
  -1.24214802817707e-02   1.79222317878939e-04   1.42745970913824e+02
  -1.10420000545492e-02   1.99078031680238e-04   1.63859302077481e+02
  -9.66251982732779e-03   2.10786588859515e-04   1.86292308734726e+02
  -8.28303960010634e-03   2.13461191983197e-04   2.10446430129675e+02
  -6.90355937288489e-03   2.10397951848619e-04   2.37446928595435e+02
  -5.52407914566343e-03   2.05942705222379e-04   2.67288368987133e+02
  -4.14459891844198e-03   2.01921819582310e-04   2.96519017515847e+02
  -2.76511869122052e-03   1.96694220206454e-04   3.17602670821614e+02
  -1.38563846399907e-03   1.87081184808466e-04   3.22223048133388e+02
  -6.15823677761751e-06   1.71656984769767e-04   3.07556514781336e+02
   1.37332199044383e-03   1.52220030710855e-04   2.78835795976054e+02
   2.75280221766529e-03   1.32096786670772e-04   2.44906391483346e+02
   4.13228244488674e-03   1.13876245099000e-04   2.12706093338761e+02
   5.51176267210820e-03   9.87114348000223e-05   1.85586785812743e+02
   6.89124289932965e-03   8.67400203831404e-05   1.64336203726954e+02
   8.27072312655110e-03   7.76477330750553e-05   1.48546898122693e+02
   9.65020335377256e-03   7.10154237958144e-05   1.37467352526954e+02
   1.10296835809940e-02   6.64727074435871e-05   1.30387034769623e+02
   1.24091638082155e-02   6.37490012275544e-05   1.26771263928428e+02
   1.37886440354369e-02   6.26832040624183e-05   1.26292207675480e+02
   1.51681242626584e-02   6.32219460470357e-05   1.28827845605136e+02
   1.65476044898798e-02   6.54187317124601e-05   1.34458733958789e+02
   1.79270847171013e-02   6.94377264251959e-05   1.43472152597547e+02
   1.93065649443227e-02   7.55605222697871e-05   1.56371336188644e+02
   2.06860451715442e-02   8.41869116670171e-05   1.73873218876349e+02
   2.20655253987656e-02   9.58054130869677e-05   1.96849602963328e+02
   2.34450056259871e-02   1.10877980775838e-04   2.26109009159572e+02
   2.48244858532085e-02   1.29534333439191e-04   2.61827686755328e+02
   2.62039660804300e-02   1.50952239997395e-04   3.02410188015824e+02
   2.75834463076515e-02   1.72504435313195e-04   3.42958158321613e+02
   2.89629265348729e-02   1.89449962717928e-04   3.74843375306856e+02
   3.03424067620944e-02   1.96541502277230e-04   3.88930301603514e+02
   3.17218869893158e-02   1.91284932482193e-04   3.81703607104747e+02
   3.31013672165373e-02   1.75621791894730e-04   3.57898153170360e+02
   3.44808474437587e-02   1.54257638292032e-04   3.26601326173305e+02
   3.58603276709802e-02   1.31863107816657e-04   2.95942825042493e+02
   3.72398078982016e-02   1.11460470271896e-04   2.70774164921880e+02
   3.86192881254231e-02   9.43118547262977e-05   2.53050714756127e+02
   3.99987683526445e-02   8.05452302014937e-05   2.43109983343603e+02
   4.13782485798660e-02   6.97866726478533e-05   2.40732227424414e+02
   4.27577288070874e-02   6.15404839098908e-05   2.45742994480660e+02
   4.41372090343089e-02   5.53574473285026e-05   2.58292084989559e+02
   4.55166892615304e-02   5.08886196107904e-05   2.78964557196792e+02
   4.68961694887518e-02   4.78905172126878e-05   3.08793446310571e+02
   4.82756497159733e-02   4.62127054091046e-05   3.49141021404194e+02
   4.96551299431947e-02   4.57770928294442e-05   4.01289589033357e+02
   5.10346101704162e-02   4.65458563914638e-05   4.65441570780100e+02
   5.24140903976376e-02   4.84707689946086e-05   5.38876428758329e+02
   5.37935706248591e-02   5.14310877503062e-05   6.13904935138376e+02
   5.51730508520805e-02   5.52061168572988e-05   6.78418673064179e+02
   5.65525310793020e-02   5.95211419112959e-05   7.22058889815281e+02
   5.79320113065234e-02   6.40421903376822e-05   7.43676808311260e+02
   5.93114915337449e-02   6.81351922414301e-05   7.49925765750913e+02
   6.06909717609663e-02   7.06702100507284e-05   7.46665367804247e+02
   6.20704519881878e-02   7.05098965687448e-05   7.35963472135287e+02
   6.34499322154092e-02   6.75023098913807e-05   7.21057486298762e+02
   6.48294124426307e-02   6.27203369454097e-05   7.08858959849105e+02
   6.62088926698522e-02   5.75619329976141e-05   7.04991688001056e+02
   6.75883728970736e-02   5.28272442599484e-05   7.07589428239849e+02
   6.89678531242951e-02   4.85287759631740e-05   7.06309173463549e+02
   7.03473333515165e-02   4.42862971795145e-05   6.88864612693746e+02
   7.17268135787380e-02   3.98799531690919e-05   6.51445814994262e+02
   7.31062938059594e-02   3.54815598342110e-05   6.02280233199128e+02
   7.44857740331809e-02   3.14440719258965e-05   5.54629328223461e+02
   7.58652542604023e-02   2.80274384540364e-05   5.18826999509516e+02
   7.72447344876238e-02   2.53212888912467e-05   4.99968034011541e+02
   7.86242147148452e-02   2.32919425607305e-05   4.98879077175362e+02
   8.00036949420667e-02   2.18293447810035e-05   5.12666407569051e+02
   8.13831751692881e-02   2.07549546477837e-05   5.33769356543653e+02
   8.27626553965096e-02   1.98206556856929e-05   5.49331027085400e+02
   8.41421356237310e-02   1.87659268050547e-05   5.44930196151574e+02
