  -4.62132034355964e-01   2.84020230623864e-04   1.46983735567009e+01
  -4.55234633219857e-01   2.66829871565239e-04   1.38790345770695e+01
  -4.48337232083750e-01   2.25870162283022e-04   1.18950559611560e+01
  -4.41439830947642e-01   1.82300809416973e-04   9.78438389110729e+00
  -4.34542429811535e-01   1.46790069233942e-04   8.07037535182434e+00
  -4.27645028675428e-01   1.20806372379016e-04   6.82515070157804e+00
  -4.20747627539321e-01   1.02582277314922e-04   5.96211873438582e+00
  -4.13850226403213e-01   9.00355610998385e-05   5.37925185610744e+00
  -4.06952825267106e-01   8.15426458409694e-05   4.99701961064739e+00
  -4.00055424130999e-01   7.59765500542213e-05   4.76024650421591e+00
  -3.93158022994892e-01   7.25875047275822e-05   4.63225057264918e+00
  -3.86260621858784e-01   7.08875650017144e-05   4.58917472322503e+00
  -3.79363220722677e-01   7.05680026316641e-05   4.61592107920970e+00
  -3.72465819586570e-01   7.14458087537983e-05   4.70350574536994e+00
  -3.65568418450463e-01   7.34311556828598e-05   4.84743021853877e+00
  -3.58671017314355e-01   7.65094501071349e-05   5.04675088856836e+00
  -3.51773616178248e-01   8.07340745505508e-05   5.30364529533773e+00
  -3.44876215042141e-01   8.62279846891614e-05   5.62336940026104e+00
  -3.37978813906034e-01   9.31940631265833e-05   6.01457531715688e+00
  -3.31081412769926e-01   1.01935830537643e-04   6.49002618218193e+00
  -3.24184011633819e-01   1.12892153943709e-04   7.06781844089546e+00
  -3.17286610497712e-01   1.26692388841510e-04   7.77331711557969e+00
  -3.10389209361604e-01   1.44242329679443e-04   8.64214141219857e+00
  -3.03491808225497e-01   1.66856219123043e-04   9.72470748450747e+00
  -2.96594407089390e-01   1.96452757191591e-04   1.10929703840873e+01
  -2.89697005953283e-01   2.35818863389006e-04   1.28497395617555e+01
  -2.82799604817175e-01   2.88858672146955e-04   1.51388530697824e+01
  -2.75902203681068e-01   3.60411130812377e-04   1.81460264868585e+01
  -2.69004802544961e-01   4.54239976259798e-04   2.20549879415762e+01
  -2.62107401408854e-01   5.66248043313508e-04   2.68834576669802e+01
  -2.55210000272746e-01   6.73254769537934e-04   3.22096594277332e+01
  -2.48312599136639e-01   7.38282083683184e-04   3.73368669741055e+01
  -2.41415198000532e-01   7.53431676778540e-04   4.24378888720707e+01
  -2.34517796864425e-01   7.57807268337394e-04   4.90007677012570e+01
  -2.27620395728317e-01   7.92408838830136e-04   5.84295412513261e+01
  -2.20722994592210e-01   8.64438902816479e-04   7.03578663398460e+01
  -2.13825593456103e-01   9.36746404250284e-04   8.10403944432886e+01
  -2.06928192319995e-01   9.41892259809439e-04   8.40112065014668e+01
  -2.00030791183888e-01   8.50222429747435e-04   7.65823079564024e+01
  -1.93133390047781e-01   7.06794295753014e-04   6.34668289440444e+01
  -1.86235988911674e-01   5.68721302319388e-04   5.05179021704629e+01
  -1.79338587775566e-01   4.60202001946556e-04   4.02490254225622e+01
  -1.72441186639459e-01   3.82072796950667e-04   3.28041602202499e+01
  -1.65543785503352e-01   3.28133547714448e-04   2.76004388592246e+01
  -1.58646384367245e-01   2.92189263936932e-04   2.40386632149185e+01
  -1.51748983231137e-01   2.69693736004934e-04   2.16712221498038e+01
  -1.44851582095030e-01   2.57699467609929e-04   2.01985728448962e+01
  -1.37954180958923e-01   2.54508222758825e-04   1.94340551988300e+01
  -1.31056779822816e-01   2.59393338759520e-04   1.92741464152642e+01
  -1.24159378686708e-01   2.72459156084315e-04   1.96803250233723e+01
  -1.17261977550601e-01   2.94638823761126e-04   2.06718687041232e+01
  -1.10364576414494e-01   3.27835613018184e-04   2.23287225363607e+01
  -1.03467175278387e-01   3.75232828144095e-04   2.48048822106605e+01
  -9.65697741422793e-02   4.41810954971014e-04   2.83537470373648e+01
  -8.96723730061720e-02   5.35070416060068e-04   3.33650071309646e+01
  -8.27749718700647e-02   6.65695365526293e-04   4.03989779447667e+01
  -7.58775707339575e-02   8.46870535477872e-04   5.01506636990882e+01
  -6.89801695978502e-02   1.08795292341310e-03   6.31178007948605e+01
  -6.20827684617429e-02   1.37333697795926e-03   7.84914053234987e+01
  -5.51853673256357e-02   1.62672231042794e-03   9.22771150371545e+01
  -4.82879661895284e-02   1.72219911016453e-03   9.78643103323603e+01
  -4.13905650534211e-02   1.60668409959523e-03   9.24333605562973e+01
  -3.44931639173139e-02   1.36036172657878e-03   8.01479263179859e+01
  -2.75957627812066e-02   1.09190873095625e-03   6.67275005942810e+01
  -2.06983616450994e-02   8.63155261983264e-04   5.54982568887586e+01
  -1.38009605089921e-02   6.90283704174716e-04   4.73907902585970e+01
  -6.90355937288484e-03   5.66948938585448e-04   4.21338414574823e+01
  -6.15823677757588e-06   4.81605899992201e-04   3.91836169920944e+01
   6.89124289932969e-03   4.24404368007106e-04   3.81058740786086e+01
   1.37886440354369e-02   3.88520351572733e-04   3.86618468346798e+01
   2.06860451715442e-02   3.69807921606779e-04   4.08084531970762e+01
   2.75834463076515e-02   3.66271540878528e-04   4.46972076311593e+01
   3.44808474437587e-02   3.77748797914305e-04   5.06962756638735e+01
   4.13782485798661e-02   4.05833935555428e-04   5.94358546006214e+01
   4.82756497159733e-02   4.53889118114476e-04   7.18435237426807e+01
   5.51730508520806e-02   5.26578126654979e-04   8.90289777240086e+01
   6.20704519881878e-02   6.27265025023892e-04   1.11592737971473e+02
   6.89678531242951e-02   7.50467208845994e-04   1.37637191158087e+02
   7.58652542604024e-02   8.72641423682040e-04   1.60350023350356e+02
   8.27626553965096e-02   9.65256470316203e-04   1.71446539668194e+02
   8.96600565326169e-02   1.03290202266797e-03   1.71502876269828e+02
   9.65574576687241e-02   1.10259675195821e-03   1.68750199021108e+02
   1.03454858804831e-01   1.16653924370526e-03   1.66648207704064e+02
   1.10352259940939e-01   1.18038327260246e-03   1.61744769007165e+02
   1.17249661077046e-01   1.13592041821717e-03   1.53094240885437e+02
   1.24147062213153e-01   1.08655736525901e-03   1.46208877713956e+02
   1.31044463349260e-01   1.08369613641717e-03   1.46387653351146e+02
   1.37941864485368e-01   1.13324190241321e-03   1.53736814886335e+02
   1.44839265621475e-01   1.18730642538298e-03   1.61798484918396e+02
   1.51736666757582e-01   1.16706347603015e-03   1.60238573853393e+02
   1.58634067893690e-01   1.04434333628235e-03   1.45453852249179e+02
   1.65531469029797e-01   8.74453738119639e-04   1.24864166157086e+02
   1.72428870165904e-01   7.20526048632429e-04   1.06968897705475e+02
   1.79326271302011e-01   6.08313500036910e-04   9.54259896927850e+01
   1.86223672438119e-01   5.39647793547517e-04   9.08519517566009e+01
   1.93121073574226e-01   5.10178602118252e-04   9.31495758399222e+01
   2.00018474710333e-01   5.15353370906781e-04   1.02122157229149e+02
   2.06915875846440e-01   5.47164187978399e-04   1.16389378910632e+02
   2.13813276982548e-01   5.84157062331176e-04   1.30732114981653e+02
   2.20710678118655e-01   5.88839186706224e-04   1.35461120721042e+02
