  -2.14079001008124e+00
  -2.14079001007734e+00
  -2.14079000999986e+00
  -2.14079000986069e+00
  -2.14079000965985e+00
  -2.14079000939738e+00
  -2.14079000907334e+00
  -2.14079000868781e+00
  -2.14079000824087e+00
  -2.14079000773261e+00
  -2.14079000716316e+00
  -2.14079000653264e+00
  -2.14079000584119e+00
  -2.14079000508898e+00
  -2.14079000427618e+00
  -2.14079000340297e+00
  -2.14079000246955e+00
  -2.14079000147615e+00
  -2.14079000042298e+00
  -2.14078999931030e+00
  -2.14078999813836e+00
  -2.14078999690743e+00
  -2.14078999561779e+00
  -2.14078999426976e+00
  -2.14078999286363e+00
  -2.14078999139974e+00
  -2.14078998987842e+00
  -2.14078998830004e+00
  -2.14078998666495e+00
  -2.14078998497354e+00
  -2.14078998322621e+00
  -2.14078998142335e+00
  -2.14078997956539e+00
  -2.14078997765277e+00
  -2.14078997568592e+00
  -2.14078997366530e+00
  -2.14078997159139e+00
  -2.14078996946467e+00
  -2.14078996728563e+00
  -2.14078996505479e+00
  -2.14078996277265e+00
  -2.14078996043976e+00
  -2.14078995805665e+00
  -2.14078995562389e+00
  -2.14078995314203e+00
  -2.14078995061166e+00
  -2.14078994803336e+00
  -2.14078994540773e+00
  -2.14078994273539e+00
  -2.14078994001696e+00
  -2.14078993725306e+00
  -2.14078993444434e+00
  -2.14078993159146e+00
  -2.14078992869507e+00
  -2.14078992575584e+00
  -2.14078992277447e+00
  -2.14078991975164e+00
  -2.14078991668804e+00
  -2.14078991358441e+00
  -2.14078991044144e+00
  -2.14078990725987e+00
  -2.14078990404044e+00
  -2.14078990078388e+00
  -2.14078989749096e+00
  -2.14078989416244e+00
  -2.14078989079907e+00
  -2.14078988740165e+00
  -2.14078988397095e+00
  -2.14078988050776e+00
  -2.14078987701289e+00
  -2.14078987348713e+00
  -2.14078986993130e+00
  -2.14078986634621e+00
  -2.14078986273270e+00
  -2.14078985909158e+00
  -2.14078985542370e+00
  -2.14078985172990e+00
  -2.14078984801102e+00
  -2.14078984426791e+00
  -2.14078984050143e+00
  -2.14078983671245e+00
  -2.14078983290182e+00
  -2.14078982907041e+00
  -2.14078982521911e+00
  -2.14078982134878e+00
  -2.14078981746031e+00
  -2.14078981355457e+00
  -2.14078980963247e+00
  -2.14078980569488e+00
  -2.14078980174270e+00
  -2.14078979777683e+00
  -2.14078979379816e+00
  -2.14078978980759e+00
  -2.14078978580602e+00
  -2.14078978179435e+00
  -2.14078977777349e+00
  -2.14078977374433e+00
  -2.14078976970779e+00
  -2.14078976566478e+00
  -2.14078976161618e+00
  -2.14078975756291e+00
  -2.14078975350589e+00
  -2.14078974944600e+00
  -2.14078974538416e+00
  -2.14078974132126e+00
  -2.14078973725821e+00
  -2.14078973319592e+00
  -2.14078972913528e+00
  -2.14078972507719e+00
  -2.14078972102254e+00
  -2.14078971697223e+00
  -2.14078971292714e+00
  -2.14078970888817e+00
  -2.14078970485621e+00
  -2.14078970083212e+00
  -2.14078969681680e+00
  -2.14078969281111e+00
  -2.14078968881594e+00
  -2.14078968483213e+00
  -2.14078968086056e+00
  -2.14078967690209e+00
  -2.14078967295757e+00
  -2.14078966902785e+00
  -2.14078966511376e+00
  -2.14078966121616e+00
  -2.14078965733586e+00
  -2.14078965347371e+00
  -2.14078964963052e+00
  -2.14078964580709e+00
  -2.14078964200425e+00
  -2.14078963822280e+00
  -2.14078963446352e+00
  -2.14078963072721e+00
  -2.14078962701464e+00
  -2.14078962332660e+00
  -2.14078961966384e+00
  -2.14078961602712e+00
  -2.14078961241720e+00
  -2.14078960883481e+00
  -2.14078960528069e+00
  -2.14078960175557e+00
  -2.14078959826015e+00
  -2.14078959479516e+00
  -2.14078959136127e+00
  -2.14078958795920e+00
  -2.14078958458961e+00
  -2.14078958125317e+00
  -2.14078957795055e+00
  -2.14078957468240e+00
  -2.14078957144935e+00
  -2.14078956825204e+00
  -2.14078956509109e+00
  -2.14078956196711e+00
  -2.14078955888069e+00
  -2.14078955583243e+00
  -2.14078955282290e+00
  -2.14078954985267e+00
  -2.14078954692229e+00
  -2.14078954403231e+00
  -2.14078954118326e+00
  -2.14078953837566e+00
  -2.14078953561003e+00
  -2.14078953288684e+00
  -2.14078953020660e+00
  -2.14078952756978e+00
  -2.14078952497683e+00
  -2.14078952242821e+00
  -2.14078951992435e+00
  -2.14078951746568e+00
  -2.14078951505260e+00
  -2.14078951268552e+00
  -2.14078951036482e+00
  -2.14078950809088e+00
  -2.14078950586405e+00
  -2.14078950368469e+00
  -2.14078950155312e+00
  -2.14078949946967e+00
  -2.14078949743464e+00
  -2.14078949544833e+00
  -2.14078949351103e+00
  -2.14078949162299e+00
  -2.14078948978447e+00
  -2.14078948799571e+00
  -2.14078948625695e+00
  -2.14078948456838e+00
  -2.14078948293022e+00
  -2.14078948134265e+00
  -2.14078947980583e+00
  -2.14078947831994e+00
  -2.14078947688510e+00
  -2.14078947550146e+00
  -2.14078947416913e+00
  -2.14078947288821e+00
  -2.14078947165879e+00
  -2.14078947048095e+00
  -2.14078946935474e+00
  -2.14078946828022e+00
  -2.14078946725742e+00
  -2.14078946628635e+00
  -2.14078946536703e+00
  -2.14078946449943e+00
  -2.14078946368355e+00
  -2.14078946291933e+00
  -2.14078946220674e+00
  -2.14078946154571e+00
  -2.14078946093616e+00
  -2.14078946037800e+00
  -2.14078945987111e+00
  -2.14078945941539e+00
  -2.14078945901070e+00
  -2.14078945865689e+00
  -2.14078945835380e+00
  -2.14078945810125e+00
  -2.14078945789907e+00
  -2.14078945774704e+00
  -2.14078945764495e+00
  -2.14078945759257e+00
  -2.14078945758966e+00
  -2.14078945763597e+00
  -2.14078945773123e+00
  -2.14078945787516e+00
  -2.14078945806746e+00
  -2.14078945830782e+00
  -2.14078945859592e+00
  -2.14078945893144e+00
  -2.14078945931402e+00
  -2.14078945974331e+00
  -2.14078946021893e+00
  -2.14078946074051e+00
  -2.14078946130763e+00
  -2.14078946191991e+00
  -2.14078946257691e+00
  -2.14078946327820e+00
  -2.14078946402334e+00
  -2.14078946481187e+00
  -2.14078946564332e+00
  -2.14078946651722e+00
  -2.14078946743306e+00
  -2.14078946839035e+00
  -2.14078946938857e+00
  -2.14078947042719e+00
  -2.14078947150568e+00
  -2.14078947262349e+00
  -2.14078947378006e+00
  -2.14078947497482e+00
  -2.14078947620719e+00
  -2.14078947747658e+00
  -2.14078947878238e+00
  -2.14078948012399e+00
  -2.14078948150078e+00
  -2.14078948291211e+00
  -2.14078948435736e+00
  -2.14078948583586e+00
  -2.14078948734695e+00
  -2.14078948888997e+00
  -2.14078949046423e+00
  -2.14078949206904e+00
  -2.14078949370371e+00
  -2.14078949536752e+00
  -2.14078949705977e+00
  -2.14078949877971e+00
  -2.14078950052663e+00
  -2.14078950229978e+00
  -2.14078950409841e+00
  -2.14078950592176e+00
  -2.14078950776906e+00
  -2.14078950963954e+00
  -2.14078951153242e+00
  -2.14078951344691e+00
  -2.14078951538221e+00
  -2.14078951733751e+00
  -2.14078951931201e+00
  -2.14078952130489e+00
  -2.14078952331533e+00
  -2.14078952534248e+00
  -2.14078952738552e+00
  -2.14078952944360e+00
  -2.14078953151586e+00
  -2.14078953360145e+00
  -2.14078953569952e+00
  -2.14078953780918e+00
  -2.14078953992956e+00
  -2.14078954205979e+00
  -2.14078954419897e+00
  -2.14078954634622e+00
  -2.14078954850065e+00
  -2.14078955066134e+00
  -2.14078955282740e+00
  -2.14078955499791e+00
  -2.14078955717196e+00
  -2.14078955934863e+00
  -2.14078956152699e+00
  -2.14078956370612e+00
  -2.14078956588508e+00
  -2.14078956806294e+00
  -2.14078957023876e+00
  -2.14078957241159e+00
  -2.14078957458048e+00
  -2.14078957674449e+00
  -2.14078957890266e+00
  -2.14078958105403e+00
  -2.14078958319764e+00
  -2.14078958533252e+00
  -2.14078958745772e+00
  -2.14078958957225e+00
  -2.14078959167516e+00
  -2.14078959376545e+00
  -2.14078959584216e+00
  -2.14078959790431e+00
  -2.14078959995091e+00
  -2.14078960198098e+00
  -2.14078960399353e+00
  -2.14078960598757e+00
  -2.14078960796212e+00
  -2.14078960991619e+00
  -2.14078961184877e+00
  -2.14078961375887e+00
  -2.14078961564550e+00
  -2.14078961750766e+00
  -2.14078961934435e+00
  -2.14078962115457e+00
  -2.14078962293732e+00
  -2.14078962469159e+00
  -2.14078962641638e+00
  -2.14078962811069e+00
  -2.14078962977351e+00
  -2.14078963140383e+00
  -2.14078963300065e+00
  -2.14078963456296e+00
  -2.14078963608976e+00
  -2.14078963758004e+00
  -2.14078963903278e+00
  -2.14078964044698e+00
  -2.14078964182164e+00
  -2.14078964315574e+00
  -2.14078964444828e+00
  -2.14078964569824e+00
  -2.14078964690463e+00
  -2.14078964806644e+00
  -2.14078964918265e+00
  -2.14078965025227e+00
  -2.14078965127429e+00
  -2.14078965224771e+00
  -2.14078965317152e+00
  -2.14078965404473e+00
  -2.14078965486633e+00
  -2.14078965563533e+00
  -2.14078965635073e+00
  -2.14078965701154e+00
  -2.14078965761677e+00
  -2.14078965816543e+00
  -2.14078965865652e+00
  -2.14078965908907e+00
  -2.14078965946210e+00
  -2.14078965977463e+00
  -2.14078966002569e+00
  -2.14078966021430e+00
  -2.14078966033951e+00
  -2.14078966040035e+00
  -2.14078966039586e+00
  -2.14078966032510e+00
  -2.14078966018713e+00
  -2.14078965998100e+00
  -2.14078965970579e+00
  -2.14078965936058e+00
  -2.14078965894444e+00
  -2.14078965845647e+00
  -2.14078965789578e+00
  -2.14078965726148e+00
  -2.14078965655269e+00
  -2.14078965576856e+00
  -2.14078965490821e+00
  -2.14078965397083e+00
  -2.14078965295558e+00
  -2.14078965186166e+00
  -2.14078965068826e+00
  -2.14078964943463e+00
  -2.14078964810001e+00
  -2.14078964668365e+00
  -2.14078964518485e+00
  -2.14078964360291e+00
  -2.14078964193718e+00
  -2.14078964018702e+00
  -2.14078963835181e+00
  -2.14078963643099e+00
  -2.14078963442401e+00
  -2.14078963233036e+00
  -2.14078963014956e+00
  -2.14078962788120e+00
  -2.14078962552489e+00
  -2.14078962308028e+00
  -2.14078962054710e+00
  -2.14078961792509e+00
  -2.14078961521410e+00
  -2.14078961241399e+00
  -2.14078960952471e+00
  -2.14078960654629e+00
  -2.14078960347882e+00
  -2.14078960032246e+00
  -2.14078959707748e+00
  -2.14078959374421e+00
  -2.14078959032311e+00
  -2.14078958681472e+00
  -2.14078958321970e+00
  -2.14078957953883e+00
  -2.14078957577299e+00
  -2.14078957192324e+00
  -2.14078956799074e+00
  -2.14078956397683e+00
  -2.14078955988300e+00
  -2.14078955571090e+00
  -2.14078955146240e+00
  -2.14078954713954e+00
  -2.14078954274458e+00
  -2.14078953827999e+00
  -2.14078953374849e+00
  -2.14078952915306e+00
  -2.14078952449693e+00
  -2.14078951978365e+00
  -2.14078951501703e+00
  -2.14078951020126e+00
  -2.14078950534083e+00
  -2.14078950044062e+00
  -2.14078949550592e+00
  -2.14078949054242e+00
  -2.14078948555625e+00
  -2.14078948055404e+00
  -2.14078947554289e+00
  -2.14078947053048e+00
  -2.14078946552502e+00
  -2.14078946053536e+00
  -2.14078945557098e+00
  -2.14078945064205e+00
  -2.14078944575947e+00
  -2.14078944093493e+00
  -2.14078943618093e+00
  -2.14078943151084e+00
  -2.14078942693899e+00
  -2.14078942248068e+00
  -2.14078941815227e+00
  -2.14078941397122e+00
  -2.14078940995621e+00
  -2.14078940612714e+00
  -2.14078940250527e+00
  -2.14078939911327e+00
  -2.14078939597531e+00
  -2.14078939311716e+00
  -2.14078939056628e+00
  -2.14078939052964e+00
  -2.14078939049435e+00
  -2.14078939046043e+00
  -2.14078939042791e+00
  -2.14078939039683e+00
  -2.14078939036722e+00
  -2.14078939033910e+00
  -2.14078939031252e+00
  -2.14078939028751e+00
  -2.14078939026409e+00
  -2.14078939024231e+00
  -2.14078939022219e+00
  -2.14078939020378e+00
  -2.14078939018710e+00
  -2.14078939017220e+00
  -2.14078939015912e+00
  -2.14078939014788e+00
  -2.14078939013853e+00
  -2.14078939013110e+00
  -2.14078939012564e+00
  -2.14078939012219e+00
  -2.14078939012079e+00
  -2.14078939012147e+00
  -2.14078939012428e+00
  -2.14078939012926e+00
  -2.14078939013645e+00
  -2.14078939014591e+00
  -2.14078939015766e+00
  -2.14078939017176e+00
  -2.14078939018826e+00
  -2.14078939020719e+00
  -2.14078939022862e+00
  -2.14078939025257e+00
  -2.14078939027911e+00
  -2.14078939030828e+00
  -2.14078939034014e+00
  -2.14078939037472e+00
  -2.14078939041209e+00
  -2.14078939045230e+00
  -2.14078939049540e+00
  -2.14078939054145e+00
  -2.14078939059049e+00
  -2.14078939064259e+00
  -2.14078939069780e+00
  -2.14078939075617e+00
  -2.14078939081778e+00
  -2.14078939088266e+00
  -2.14078939095090e+00
  -2.14078939102254e+00
  -2.14078939109764e+00
  -2.14078939117628e+00
  -2.14078939125851e+00
  -2.14078939134439e+00
  -2.14078939143401e+00
  -2.14078939152741e+00
  -2.14078939162466e+00
  -2.14078939172584e+00
  -2.14078939183102e+00
  -2.14078939194026e+00
  -2.14078939205363e+00
  -2.14078939217121e+00
  -2.14078939229308e+00
  -2.14078939241930e+00
  -2.14078939254994e+00
  -2.14078939268510e+00
  -2.14078939282484e+00
  -2.14078939296925e+00
  -2.14078939311840e+00
  -2.14078939327237e+00
  -2.14078939343125e+00
  -2.14078939359512e+00
  -2.14078939376407e+00
  -2.14078939393817e+00
  -2.14078939411753e+00
  -2.14078939430221e+00
  -2.14078939449233e+00
  -2.14078939468795e+00
  -2.14078939488919e+00
  -2.14078939509613e+00
  -2.14078939530885e+00
  -2.14078939552748e+00
  -2.14078939575208e+00
  -2.14078939598278e+00
  -2.14078939621966e+00
  -2.14078939646282e+00
  -2.14078939671238e+00
  -2.14078939696843e+00
  -2.14078939723108e+00
  -2.14078939750043e+00
  -2.14078939777659e+00
  -2.14078939805968e+00
  -2.14078939834980e+00
  -2.14078939864707e+00
  -2.14078939895160e+00
  -2.14078939926351e+00
  -2.14078939958291e+00
  -2.14078939990992e+00
  -2.14078940024466e+00
  -2.14078940058726e+00
  -2.14078940093784e+00
  -2.14078940129651e+00
  -2.14078940166342e+00
  -2.14078940203869e+00
  -2.14078940242244e+00
  -2.14078940281480e+00
  -2.14078940321592e+00
  -2.14078940362593e+00
  -2.14078940404496e+00
  -2.14078940447316e+00
  -2.14078940491065e+00
  -2.14078940535759e+00
  -2.14078940581411e+00
  -2.14078940628037e+00
  -2.14078940675650e+00
  -2.14078940724267e+00
  -2.14078940773901e+00
  -2.14078940824568e+00
  -2.14078940876284e+00
  -2.14078940929065e+00
  -2.14078940982925e+00
  -2.14078941037881e+00
  -2.14078941093949e+00
  -2.14078941151146e+00
  -2.14078941209488e+00
  -2.14078941268992e+00
  -2.14078941329674e+00
  -2.14078941391553e+00
  -2.14078941454644e+00
  -2.14078941518967e+00
  -2.14078941584538e+00
  -2.14078941651375e+00
  -2.14078941719497e+00
  -2.14078941788921e+00
  -2.14078941859667e+00
  -2.14078941931753e+00
  -2.14078942005198e+00
  -2.14078942080021e+00
  -2.14078942156241e+00
  -2.14078942233877e+00
  -2.14078942312951e+00
  -2.14078942393480e+00
  -2.14078942475486e+00
  -2.14078942558989e+00
  -2.14078942644009e+00
  -2.14078942730567e+00
  -2.14078942818684e+00
  -2.14078942908381e+00
  -2.14078942999679e+00
  -2.14078943092599e+00
  -2.14078943187164e+00
  -2.14078943283395e+00
  -2.14078943381315e+00
  -2.14078943480945e+00
  -2.14078943582308e+00
  -2.14078943685426e+00
  -2.14078943790323e+00
  -2.14078943897022e+00
  -2.14078944005545e+00
  -2.14078944115916e+00
  -2.14078944228159e+00
  -2.14078944342297e+00
  -2.14078944458354e+00
  -2.14078944576355e+00
  -2.14078944696323e+00
  -2.14078944818283e+00
  -2.14078944942260e+00
  -2.14078945068278e+00
  -2.14078945196363e+00
  -2.14078945326538e+00
  -2.14078945458831e+00
  -2.14078945593265e+00
  -2.14078945729866e+00
  -2.14078945868661e+00
  -2.14078946009674e+00
  -2.14078946152932e+00
  -2.14078946298461e+00
  -2.14078946446286e+00
  -2.14078946596435e+00
  -2.14078946748933e+00
  -2.14078946903806e+00
  -2.14078947061082e+00
  -2.14078947220786e+00
  -2.14078947382947e+00
  -2.14078947547589e+00
  -2.14078947714740e+00
  -2.14078947884428e+00
  -2.14078948056678e+00
  -2.14078948231518e+00
  -2.14078948408974e+00
  -2.14078948589074e+00
  -2.14078948771845e+00
  -2.14078948957313e+00
  -2.14078949145505e+00
  -2.14078949336449e+00
  -2.14078949530171e+00
  -2.14078949726697e+00
  -2.14078949926056e+00
  -2.14078950128272e+00
  -2.14078950333373e+00
  -2.14078950541386e+00
  -2.14078950752336e+00
  -2.14078950966249e+00
  -2.14078951183153e+00
  -2.14078951403071e+00
  -2.14078951626031e+00
  -2.14078951852058e+00
  -2.14078952081176e+00
  -2.14078952313411e+00
  -2.14078952548787e+00
  -2.14078952787330e+00
  -2.14078953029062e+00
  -2.14078953274008e+00
  -2.14078953522191e+00
  -2.14078953773634e+00
  -2.14078954028361e+00
  -2.14078954286393e+00
  -2.14078954547751e+00
  -2.14078954812458e+00
  -2.14078955080535e+00
  -2.14078955352001e+00
  -2.14078955626876e+00
  -2.14078955905180e+00
  -2.14078956186932e+00
  -2.14078956472149e+00
  -2.14078956760849e+00
  -2.14078957053048e+00
  -2.14078957348762e+00
  -2.14078957648007e+00
  -2.14078957950796e+00
  -2.14078958257144e+00
  -2.14078958567063e+00
  -2.14078958880566e+00
  -2.14078959197661e+00
  -2.14078959518361e+00
  -2.14078959842672e+00
  -2.14078960170604e+00
  -2.14078960502163e+00
  -2.14078960837355e+00
  -2.14078961176184e+00
  -2.14078961518653e+00
  -2.14078961864763e+00
  -2.14078962214517e+00
  -2.14078962567912e+00
  -2.14078962924947e+00
  -2.14078963285618e+00
  -2.14078963649919e+00
  -2.14078964017845e+00
  -2.14078964389386e+00
  -2.14078964764533e+00
  -2.14078965143273e+00
  -2.14078965525594e+00
  -2.14078965911479e+00
  -2.14078966300912e+00
  -2.14078966693873e+00
  -2.14078967090341e+00
  -2.14078967490292e+00
  -2.14078967893701e+00
  -2.14078968300540e+00
  -2.14078968710779e+00
  -2.14078969124385e+00
  -2.14078969541324e+00
  -2.14078969961558e+00
  -2.14078970385047e+00
  -2.14078970811748e+00
  -2.14078971241616e+00
  -2.14078971674604e+00
  -2.14078972110659e+00
  -2.14078972549728e+00
  -2.14078972991754e+00
  -2.14078973436676e+00
  -2.14078973884431e+00
  -2.14078974334953e+00
  -2.14078974788170e+00
  -2.14078975244010e+00
  -2.14078975702395e+00
  -2.14078976163245e+00
  -2.14078976626473e+00
  -2.14078977091992e+00
  -2.14078977559710e+00
  -2.14078978029529e+00
  -2.14078978501348e+00
  -2.14078978975062e+00
  -2.14078979450561e+00
  -2.14078979927731e+00
  -2.14078980406452e+00
  -2.14078980886602e+00
  -2.14078981368050e+00
  -2.14078981850663e+00
  -2.14078982334302e+00
  -2.14078982818823e+00
  -2.14078983304074e+00
  -2.14078983789901e+00
  -2.14078984276141e+00
  -2.14078984762627e+00
  -2.14078985249185e+00
  -2.14078985735635e+00
  -2.14078986221789e+00
  -2.14078986707453e+00
  -2.14078987192428e+00
  -2.14078987676504e+00
  -2.14078988159467e+00
  -2.14078988641092e+00
  -2.14078989121148e+00
  -2.14078989599396e+00
  -2.14078990075587e+00
  -2.14078990549463e+00
  -2.14078991020757e+00
  -2.14078991489194e+00
  -2.14078991954486e+00
  -2.14078992416336e+00
  -2.14078992874435e+00
  -2.14078993328463e+00
  -2.14078993778088e+00
  -2.14078994222965e+00
  -2.14078994662736e+00
  -2.14078995097027e+00
  -2.14078995525451e+00
  -2.14078995947603e+00
  -2.14078996363064e+00
  -2.14078996771394e+00
  -2.14078997172136e+00
  -2.14078997564812e+00
  -2.14078997948921e+00
  -2.14078998323940e+00
  -2.14078998689321e+00
  -2.14078999044487e+00
  -2.14078999388833e+00
  -2.14078999721722e+00
  -2.14079000042481e+00
  -2.14079000350403e+00
  -2.14079000644735e+00
  -2.14079000924683e+00
  -2.14079001189402e+00
  -2.14079001437993e+00
  -2.14079001669498e+00
  -2.14079001882892e+00
  -2.14079002077077e+00
  -2.14079002250875e+00
  -2.14079002403017e+00
  -2.14079002532133e+00
  -2.14079002636741e+00
  -2.14079002715232e+00
  -2.14079002765854e+00
  -2.14079002786697e+00
  -2.14079002775667e+00
  -2.14079002730468e+00
  -2.14079002648568e+00
  -2.14079002527171e+00
  -2.14079002363176e+00
  -2.14079002153136e+00
  -2.14079001893203e+00
  -2.14079001579069e+00
  -2.14079001205894e+00
  -2.14079000768219e+00
  -2.14079000259869e+00
  -2.14078999673821e+00
  -2.14078999002045e+00
  -2.14078998235245e+00
  -2.14078997362297e+00
  -2.14078996368511e+00
  -2.14078995228973e+00
  -2.14078993880667e+00
  -2.14078992101275e+00
  -2.14078988971269e+00
  -2.14078980452666e+00
  -2.14078948407942e+00
  -2.14078811537614e+00
  -2.14078230792078e+00
  -2.14076264127817e+00
  -2.14073808099699e+00
  -2.14075789992836e+00
  -2.14077956299812e+00
  -2.14078624992708e+00
  -2.14078775296173e+00
  -2.14078806111442e+00
  -2.14078812379509e+00
  -2.14078814125642e+00
  -2.14078815428290e+00
  -2.14078817141358e+00
  -2.14078819491455e+00
  -2.14078822591618e+00
  -2.14078826540505e+00
  -2.14078831441374e+00
  -2.14078837405881e+00
  -2.14078844555040e+00
  -2.14078853019565e+00
  -2.14078862939994e+00
  -2.14078874466604e+00
  -2.14078887759080e+00
  -2.14078902985901e+00
  -2.14078920323335e+00
  -2.14078939954015e+00
  -2.14078962064970e+00
  -2.14078986845045e+00
  -2.14079014481622e+00
  -2.14079045156535e+00
  -2.14079079041122e+00
  -2.14079116290320e+00
  -2.14079157035802e+00
  -2.14079201378113e+00
  -2.14079249377885e+00
  -2.14079301046230e+00
  -2.14079356334515e+00
  -2.14079415123804e+00
  -2.14079477214376e+00
  -2.14079542315816e+00
  -2.14079610038321e+00
  -2.14079679885927e+00
  -2.14079751252456e+00
  -2.14079823420998e+00
  -2.14079895567718e+00
  -2.14079966770662e+00
  -2.14080036024045e+00
  -2.14080102258240e+00
  -2.14080164365282e+00
  -2.14080221229334e+00
  -2.14080271761045e+00
  -2.14080314934347e+00
  -2.14080349823817e+00
  -2.14080375640504e+00
  -2.14080391764008e+00
  -2.14080397768706e+00
  -2.14080393442314e+00
  -2.14080378795459e+00
  -2.14080354061557e+00
  -2.14080319686989e+00
  -2.14080276312264e+00
  -2.14080224745505e+00
  -2.14080165930055e+00
  -2.14080100908323e+00
  -2.14080030784102e+00
  -2.14079956685477e+00
  -2.14079879730214e+00
  -2.14079800995120e+00
  -2.14079721490435e+00
  -2.14079642139846e+00
  -2.14079563766294e+00
  -2.14079487083343e+00
  -2.14079412691647e+00
  -2.14079341079782e+00
  -2.14079272628672e+00
  -2.14079207618746e+00
  -2.14079146239028e+00
  -2.14079088597420e+00
  -2.14079034731538e+00
  -2.14078984619576e+00
  -2.14078938190803e+00
  -2.14078895335383e+00
  -2.14078855913335e+00
  -2.14078819762507e+00
  -2.14078786705530e+00
  -2.14078756555749e+00
  -2.14078729122182e+00
  -2.14078704213577e+00
  -2.14078681641646e+00
  -2.14078661223580e+00
  -2.14078642783939e+00
  -2.14078626155998e+00
  -2.14078611182657e+00
  -2.14078597716970e+00
  -2.14078585622386e+00
  -2.14078574772753e+00
  -2.14078565052137e+00
  -2.14078556354512e+00
  -2.14078548583348e+00
  -2.14078541651132e+00
  -2.14078535478856e+00
  -2.14078529995478e+00
  -2.14078525137382e+00
  -2.14078520847852e+00
  -2.14078517076560e+00
  -2.14078513779082e+00
  -2.14078510916449e+00
  -2.14078508454732e+00
  -2.14078506364661e+00
  -2.14078504621292e+00
  -2.14078503203710e+00
  -2.14078502094775e+00
  -2.14078501280906e+00
  -2.14078500751915e+00
  -2.14078500500871e+00
  -2.14078500524014e+00
  -2.14078500820707e+00
  -2.14078501393428e+00
  -2.14078502247803e+00
  -2.14078503392681e+00
  -2.14078504840248e+00
  -2.14078506606187e+00
  -2.14078508709870e+00
  -2.14078511174604e+00
  -2.14078514027906e+00
  -2.14078517301827e+00
  -2.14078521033314e+00
  -2.14078525264610e+00
  -2.14078530043689e+00
  -2.14078535424732e+00
  -2.14078541468619e+00
  -2.14078548243458e+00
  -2.14078555825109e+00
  -2.14078564297728e+00
  -2.14078573754284e+00
  -2.14078584297050e+00
  -2.14078596038034e+00
  -2.14078609099330e+00
  -2.14078623613338e+00
  -2.14078639722831e+00
  -2.14078657580798e+00
  -2.14078677350018e+00
  -2.14078699202293e+00
  -2.14078723317259e+00
  -2.14078749880699e+00
  -2.14078779082259e+00
  -2.14078811112488e+00
  -2.14078846159080e+00
  -2.14078884402264e+00
  -2.14078926009232e+00
  -2.14078971127576e+00
  -2.14079019877704e+00
  -2.14079072344255e+00
  -2.14079128566609e+00
  -2.14079188528661e+00
  -2.14079252148103e+00
  -2.14079319265591e+00
  -2.14079389634276e+00
  -2.14079462910284e+00
  -2.14079538644851e+00
  -2.14079616278905e+00
  -2.14079695140900e+00
  -2.14079774448755e+00
  -2.14079853316601e+00
  -2.14079930766930e+00
  -2.14080005748450e+00
  -2.14080077159636e+00
  -2.14080143877526e+00
  -2.14080204790887e+00
  -2.14080258836410e+00
  -2.14080305036188e+00
  -2.14080342534437e+00
  -2.14080370631261e+00
  -2.14080388811308e+00
  -2.14080396765372e+00
  -2.14080394403465e+00
  -2.14080381858409e+00
  -2.14080359479724e+00
  -2.14080327818251e+00
  -2.14080287602640e+00
  -2.14080239709321e+00
  -2.14080185127986e+00
  -2.14080124924750e+00
  -2.14080060205147e+00
  -2.14079992078900e+00
  -2.14079921628094e+00
  -2.14079849879933e+00
  -2.14079777784829e+00
  -2.14079706200135e+00
  -2.14079635879432e+00
  -2.14079567466994e+00
  -2.14079501496802e+00
  -2.14079438395373e+00
  -2.14079378487590e+00
  -2.14079322004719e+00
  -2.14079269093897e+00
  -2.14079219828399e+00
  -2.14079174218159e+00
  -2.14079132220101e+00
  -2.14079093747945e+00
  -2.14079058681265e+00
  -2.14079026873658e+00
  -2.14078998159946e+00
  -2.14078972362403e+00
  -2.14078949296026e+00
  -2.14078928772910e+00
  -2.14078910605809e+00
  -2.14078894610948e+00
  -2.14078880610204e+00
  -2.14078868432719e+00
  -2.14078857916047e+00
  -2.14078848906908e+00
  -2.14078841261616e+00
  -2.14078834846252e+00
  -2.14078829536620e+00
  -2.14078825218008e+00
  -2.14078821784617e+00
  -2.14078819137663e+00
  -2.14078817176697e+00
  -2.14078815755025e+00
  -2.14078814448635e+00
  -2.14078811381663e+00
  -2.14078797418343e+00
  -2.14078728550092e+00
  -2.14078406209322e+00
  -2.14077128220055e+00
  -2.14074394123666e+00
  -2.14074759412391e+00
  -2.14077484018818e+00
  -2.14078616657260e+00
  -2.14078905096651e+00
  -2.14078972202499e+00
  -2.14078988652783e+00
  -2.14078993619625e+00
  -2.14078995858312e+00
  -2.14078997346672e+00
  -2.14078998547593e+00
  -2.14078999580052e+00
  -2.14079000482624e+00
  -2.14079001273757e+00
  -2.14079001965923e+00
  -2.14079002569123e+00
  -2.14079003091879e+00
  -2.14079003541605e+00
  -2.14079003924807e+00
  -2.14079004247223e+00
  -2.14079004513932e+00
  -2.14079004729447e+00
  -2.14079004897795e+00
  -2.14079005022577e+00
  -2.14079005107027e+00
  -2.14079005154057e+00
  -2.14079005166300e+00
  -2.14079005146141e+00
  -2.14079005095750e+00
  -2.14079005017106e+00
  -2.14079004912018e+00
  -2.14079004782147e+00
  -2.14079004629022e+00
  -2.14079004454052e+00
  -2.14079004258541e+00
  -2.14079004043700e+00
  -2.14079003810652e+00
  -2.14079003560447e+00
  -2.14079003294064e+00
  -2.14079003012420e+00
  -2.14079002716377e+00
  -2.14079002406744e+00
  -2.14079002084284e+00
  -2.14079001749718e+00
  -2.14079001403727e+00
  -2.14079001046956e+00
  -2.14079000680018e+00
  -2.14079000303496e+00
  -2.14078999917943e+00
  -2.14078999523887e+00
  -2.14078999121832e+00
  -2.14078998712259e+00
  -2.14078998295629e+00
  -2.14078997872382e+00
  -2.14078997442941e+00
  -2.14078997007711e+00
  -2.14078996567079e+00
  -2.14078996121420e+00
  -2.14078995671092e+00
  -2.14078995216441e+00
  -2.14078994757798e+00
  -2.14078994295482e+00
  -2.14078993829802e+00
  -2.14078993361054e+00
  -2.14078992889524e+00
  -2.14078992415486e+00
  -2.14078991939207e+00
  -2.14078991460943e+00
  -2.14078990980941e+00
  -2.14078990499439e+00
  -2.14078990016666e+00
  -2.14078989532845e+00
  -2.14078989048189e+00
  -2.14078988562905e+00
  -2.14078988077192e+00
  -2.14078987591242e+00
  -2.14078987105239e+00
  -2.14078986619363e+00
  -2.14078986133786e+00
  -2.14078985648673e+00
  -2.14078985164183e+00
  -2.14078984680472e+00
  -2.14078984197687e+00
  -2.14078983715972e+00
  -2.14078983235462e+00
  -2.14078982756291e+00
  -2.14078982278586e+00
  -2.14078981802469e+00
  -2.14078981328056e+00
  -2.14078980855461e+00
  -2.14078980384792e+00
  -2.14078979916152e+00
  -2.14078979449640e+00
  -2.14078978985353e+00
  -2.14078978523380e+00
  -2.14078978063809e+00
  -2.14078977606723e+00
  -2.14078977152202e+00
  -2.14078976700322e+00
  -2.14078976251154e+00
  -2.14078975804767e+00
  -2.14078975361227e+00
  -2.14078974920597e+00
  -2.14078974482933e+00
  -2.14078974048294e+00
  -2.14078973616731e+00
  -2.14078973188294e+00
  -2.14078972763031e+00
  -2.14078972340985e+00
  -2.14078971922198e+00
  -2.14078971506709e+00
  -2.14078971094554e+00
  -2.14078970685768e+00
  -2.14078970280381e+00
  -2.14078969878423e+00
  -2.14078969479921e+00
  -2.14078969084899e+00
  -2.14078968693380e+00
  -2.14078968305384e+00
  -2.14078967920931e+00
  -2.14078967540036e+00
  -2.14078967162714e+00
  -2.14078966788979e+00
  -2.14078966418840e+00
  -2.14078966052309e+00
  -2.14078965689391e+00
  -2.14078965330094e+00
  -2.14078964974422e+00
  -2.14078964622379e+00
  -2.14078964273965e+00
  -2.14078963929182e+00
  -2.14078963588027e+00
  -2.14078963250499e+00
  -2.14078962916595e+00
  -2.14078962586309e+00
  -2.14078962259635e+00
  -2.14078961936567e+00
  -2.14078961617095e+00
  -2.14078961301212e+00
  -2.14078960988906e+00
  -2.14078960680167e+00
  -2.14078960374983e+00
  -2.14078960073340e+00
  -2.14078959775224e+00
  -2.14078959480622e+00
  -2.14078959189517e+00
  -2.14078958901895e+00
  -2.14078958617737e+00
  -2.14078958337026e+00
  -2.14078958059745e+00
  -2.14078957785873e+00
  -2.14078957515393e+00
  -2.14078957248284e+00
  -2.14078956984525e+00
  -2.14078956724096e+00
  -2.14078956466975e+00
  -2.14078956213141e+00
  -2.14078955962571e+00
  -2.14078955715242e+00
  -2.14078955471131e+00
  -2.14078955230214e+00
  -2.14078954992469e+00
  -2.14078954757871e+00
  -2.14078954526394e+00
  -2.14078954298016e+00
  -2.14078954072710e+00
  -2.14078953850452e+00
  -2.14078953631217e+00
  -2.14078953414977e+00
  -2.14078953201709e+00
  -2.14078952991386e+00
  -2.14078952783981e+00
  -2.14078952579469e+00
  -2.14078952377823e+00
  -2.14078952179017e+00
  -2.14078951983024e+00
  -2.14078951789818e+00
  -2.14078951599372e+00
  -2.14078951411659e+00
  -2.14078951226653e+00
  -2.14078951044326e+00
  -2.14078950864653e+00
  -2.14078950687605e+00
  -2.14078950513156e+00
  -2.14078950341280e+00
  -2.14078950171949e+00
  -2.14078950005138e+00
  -2.14078949840818e+00
  -2.14078949678964e+00
  -2.14078949519549e+00
  -2.14078949362547e+00
  -2.14078949207930e+00
  -2.14078949055673e+00
  -2.14078948905750e+00
  -2.14078948758134e+00
  -2.14078948612798e+00
  -2.14078948469719e+00
  -2.14078948328868e+00
  -2.14078948190221e+00
  -2.14078948053752e+00
  -2.14078947919436e+00
  -2.14078947787247e+00
  -2.14078947657160e+00
  -2.14078947529150e+00
  -2.14078947403192e+00
  -2.14078947279262e+00
  -2.14078947157334e+00
  -2.14078947037385e+00
  -2.14078946919390e+00
  -2.14078946803325e+00
  -2.14078946689167e+00
  -2.14078946576890e+00
  -2.14078946466473e+00
  -2.14078946357891e+00
  -2.14078946251121e+00
  -2.14078946146141e+00
  -2.14078946042926e+00
  -2.14078945941456e+00
  -2.14078945841707e+00
  -2.14078945743657e+00
  -2.14078945647284e+00
  -2.14078945552566e+00
  -2.14078945459482e+00
  -2.14078945368009e+00
  -2.14078945278126e+00
  -2.14078945189814e+00
  -2.14078945103049e+00
  -2.14078945017812e+00
  -2.14078944934083e+00
  -2.14078944851840e+00
  -2.14078944771065e+00
  -2.14078944691736e+00
  -2.14078944613834e+00
  -2.14078944537340e+00
  -2.14078944462234e+00
  -2.14078944388498e+00
  -2.14078944316111e+00
  -2.14078944245056e+00
  -2.14078944175314e+00
  -2.14078944106866e+00
  -2.14078944039695e+00
  -2.14078943973782e+00
  -2.14078943909110e+00
  -2.14078943845661e+00
  -2.14078943783418e+00
  -2.14078943722364e+00
  -2.14078943662481e+00
  -2.14078943603753e+00
  -2.14078943546163e+00
  -2.14078943489694e+00
  -2.14078943434332e+00
  -2.14078943380059e+00
  -2.14078943326859e+00
  -2.14078943274718e+00
  -2.14078943223619e+00
  -2.14078943173547e+00
  -2.14078943124488e+00
  -2.14078943076425e+00
  -2.14078943029346e+00
  -2.14078942983234e+00
  -2.14078942938075e+00
  -2.14078942893856e+00
  -2.14078942850561e+00
  -2.14078942808179e+00
  -2.14078942766693e+00
  -2.14078942726092e+00
  -2.14078942686361e+00
  -2.14078942647488e+00
  -2.14078942609460e+00
  -2.14078942572263e+00
  -2.14078942535885e+00
  -2.14078942500313e+00
  -2.14078942465535e+00
  -2.14078942431539e+00
  -2.14078942398312e+00
  -2.14078942365844e+00
  -2.14078942334121e+00
  -2.14078942303133e+00
  -2.14078942272867e+00
  -2.14078942243314e+00
  -2.14078942214461e+00
  -2.14078942186297e+00
  -2.14078942158812e+00
  -2.14078942131995e+00
  -2.14078942105835e+00
  -2.14078942080323e+00
  -2.14078942055447e+00
  -2.14078942031197e+00
  -2.14078942007564e+00
  -2.14078941984537e+00
  -2.14078941962108e+00
  -2.14078941940265e+00
  -2.14078941919000e+00
  -2.14078941898304e+00
  -2.14078941878167e+00
  -2.14078941858580e+00
  -2.14078941839534e+00
  -2.14078941821021e+00
  -2.14078941803031e+00
  -2.14078941785556e+00
  -2.14078941768587e+00
  -2.14078941752116e+00
  -2.14078941736136e+00
  -2.14078941720637e+00
  -2.14078941705611e+00
  -2.14078941691052e+00
  -2.14078941676950e+00
  -2.14078941663299e+00
  -2.14078941650091e+00
  -2.14078941637318e+00
  -2.14078941624972e+00
  -2.14078941613048e+00
  -2.14078941601537e+00
  -2.14078941590432e+00
  -2.14078941579727e+00
  -2.14078941569415e+00
  -2.14078941559488e+00
  -2.14078941549941e+00
  -2.14078941540766e+00
  -2.14078941531958e+00
  -2.14078941523509e+00
  -2.14078941515414e+00
  -2.14078941507666e+00
  -2.14078941500260e+00
  -2.14078941493189e+00
  -2.14078941486448e+00
  -2.14078941480030e+00
  -2.14078941473929e+00
  -2.14078941468141e+00
  -2.14078941462660e+00
  -2.14078941457479e+00
  -2.14078941452594e+00
  -2.14078941448000e+00
  -2.14078941443691e+00
  -2.14078941439661e+00
  -2.14078941435906e+00
  -2.14078941432422e+00
  -2.14078941429201e+00
  -2.14078941426241e+00
  -2.14078941423536e+00
  -2.14078941421081e+00
  -2.14078941418873e+00
  -2.14078941416905e+00
  -2.14078941415174e+00
  -2.14078941413675e+00
  -2.14078941412404e+00
  -2.14078941411357e+00
  -2.14078941410528e+00
  -2.14078941409915e+00
  -2.14078941409513e+00
  -2.14078941409317e+00
  -2.14078941409325e+00
  -2.14078941409531e+00
  -2.14078941409932e+00
  -2.14078941410525e+00
  -2.14078941411305e+00
  -2.14078941412269e+00
  -2.14078941413413e+00
  -2.14078941414734e+00
  -2.14078941416227e+00
  -2.14078941417890e+00
  -2.14078941419719e+00
  -2.14078941421711e+00
  -2.14078941423863e+00
  -2.14078941426170e+00
  -2.14078941428630e+00
  -2.14078941431240e+00
  -2.14078941433997e+00
  -2.14078941436897e+00
  -2.14078941439938e+00
  -2.14078941443116e+00
  -2.14078941446429e+00
  -2.14078941449874e+00
  -2.14078941453447e+00
  -2.14078941457147e+00
  -2.14078941460970e+00
  -2.14078941464913e+00
  -2.14078941468975e+00
  -2.14078941473152e+00
  -2.14078941477442e+00
  -2.14078941481842e+00
  -2.14078941486350e+00
  -2.14078941490963e+00
  -2.14078941495679e+00
  -2.14078941500495e+00
  -2.14078941505410e+00
  -2.14078941510420e+00
  -2.14078941515524e+00
  -2.14078941520719e+00
  -2.14078941526004e+00
  -2.14078941531375e+00
  -2.14078941536832e+00
  -2.14078941542371e+00
  -2.14078941547991e+00
  -2.14078941553689e+00
  -2.14078941559464e+00
  -2.14078941565314e+00
  -2.14078941571237e+00
  -2.14078941577231e+00
  -2.14078941583293e+00
  -2.14078941589423e+00
  -2.14078941595619e+00
  -2.14078941601877e+00
  -2.14078941608198e+00
  -2.14078941614579e+00
  -2.14078941621019e+00
  -2.14078941627515e+00
  -2.14078941634067e+00
  -2.14078941640671e+00
  -2.14078941647329e+00
  -2.14078941654036e+00
  -2.14078941660792e+00
  -2.14078941667596e+00
  -2.14078941674446e+00
  -2.14078941681340e+00
  -2.14078941688277e+00
  -2.14078941695256e+00
  -2.14078941702275e+00
  -2.14078941709334e+00
  -2.14078941716429e+00
  -2.14078941723561e+00
  -2.14078941730728e+00
  -2.14078941737928e+00
  -2.14078941745161e+00
  -2.14078941752426e+00
  -2.14078941759720e+00
  -2.14078941767043e+00
  -2.14078941774394e+00
  -2.14078941781771e+00
  -2.14078941789174e+00
  -2.14078941796601e+00
  -2.14078941804051e+00
  -2.14078941811523e+00
  -2.14078941819017e+00
  -2.14078941826530e+00
  -2.14078941834063e+00
  -2.14078941841614e+00
  -2.14078941849181e+00
  -2.14078941856765e+00
  -2.14078941864364e+00
  -2.14078941871978e+00
  -2.14078941879604e+00
  -2.14078941887243e+00
  -2.14078941894894e+00
  -2.14078941902555e+00
  -2.14078941910227e+00
  -2.14078941917907e+00
  -2.14078941925595e+00
  -2.14078941933291e+00
  -2.14078941940994e+00
  -2.14078941948702e+00
  -2.14078941956416e+00
  -2.14078941964134e+00
  -2.14078941971855e+00
  -2.14078941979579e+00
  -2.14078941987306e+00
  -2.14078941995034e+00
  -2.14078942002763e+00
  -2.14078942010492e+00
  -2.14078942018220e+00
  -2.14078942025947e+00
  -2.14078942033673e+00
  -2.14078942041396e+00
  -2.14078942049116e+00
  -2.14078942056833e+00
  -2.14078942064545e+00
  -2.14078942072253e+00
  -2.14078942079955e+00
  -2.14078942087651e+00
  -2.14078942095341e+00
  -2.14078942103024e+00
  -2.14078942110700e+00
  -2.14078942118367e+00
  -2.14078942126026e+00
  -2.14078942133676e+00
  -2.14078942141317e+00
  -2.14078942148948e+00
  -2.14078942156568e+00
  -2.14078942164178e+00
  -2.14078942171776e+00
  -2.14078942179362e+00
  -2.14078942186937e+00
  -2.14078942194498e+00
  -2.14078942202047e+00
  -2.14078942209583e+00
  -2.14078942217104e+00
  -2.14078942224612e+00
  -2.14078942232105e+00
  -2.14078942239583e+00
  -2.14078942247046e+00
  -2.14078942254493e+00
  -2.14078942261925e+00
  -2.14078942269340e+00
  -2.14078942276738e+00
  -2.14078942284120e+00
  -2.14078942291484e+00
  -2.14078942298830e+00
  -2.14078942306159e+00
  -2.14078942313470e+00
  -2.14078942320762e+00
  -2.14078942328036e+00
  -2.14078942335290e+00
  -2.14078942342525e+00
  -2.14078942349740e+00
  -2.14078942356936e+00
  -2.14078942364112e+00
  -2.14078942371267e+00
  -2.14078942378402e+00
  -2.14078942385516e+00
  -2.14078942392609e+00
  -2.14078942399681e+00
  -2.14078942406731e+00
  -2.14078942413760e+00
  -2.14078942420766e+00
  -2.14078942427751e+00
  -2.14078942434713e+00
  -2.14078942441653e+00
  -2.14078942448571e+00
  -2.14078942455465e+00
  -2.14078942462336e+00
  -2.14078942469184e+00
  -2.14078942476009e+00
  -2.14078942482810e+00
  -2.14078942489588e+00
  -2.14078942496342e+00
  -2.14078942503072e+00
  -2.14078942509777e+00
  -2.14078942516459e+00
  -2.14078942523116e+00
  -2.14078942529748e+00
  -2.14078942536356e+00
  -2.14078942542939e+00
  -2.14078942549497e+00
  -2.14078942556029e+00
  -2.14078942562537e+00
  -2.14078942569020e+00
  -2.14078942575477e+00
  -2.14078942581908e+00
  -2.14078942588314e+00
  -2.14078942594695e+00
  -2.14078942601049e+00
  -2.14078942607378e+00
  -2.14078942613680e+00
  -2.14078942619957e+00
  -2.14078942626208e+00
  -2.14078942632432e+00
  -2.14078942638630e+00
  -2.14078942644802e+00
  -2.14078942650947e+00
  -2.14078942657066e+00
  -2.14078942663158e+00
  -2.14078942669224e+00
  -2.14078942675263e+00
  -2.14078942681275e+00
  -2.14078942687261e+00
  -2.14078942693219e+00
  -2.14078942699151e+00
  -2.14078942705056e+00
  -2.14078942710934e+00
  -2.14078942716785e+00
  -2.14078942722609e+00
  -2.14078942728406e+00
  -2.14078942734176e+00
  -2.14078942739918e+00
  -2.14078942745634e+00
  -2.14078942751323e+00
  -2.14078942756984e+00
  -2.14078942762618e+00
  -2.14078942768225e+00
  -2.14078942773804e+00
  -2.14078942779356e+00
  -2.14078942784881e+00
  -2.14078942790379e+00
  -2.14078942795849e+00
  -2.14078942801292e+00
  -2.14078942806708e+00
  -2.14078942812097e+00
  -2.14078942817458e+00
  -2.14078942822792e+00
  -2.14078942828098e+00
  -2.14078942833377e+00
  -2.14078942838629e+00
  -2.14078942843854e+00
  -2.14078942849051e+00
  -2.14078942854221e+00
  -2.14078942859364e+00
  -2.14078942864480e+00
  -2.14078942869568e+00
  -2.14078942874629e+00
  -2.14078942879663e+00
  -2.14078942884670e+00
  -2.14078942889649e+00
  -2.14078942894602e+00
  -2.14078942899527e+00
  -2.14078942904425e+00
  -2.14078942909296e+00
  -2.14078942914141e+00
  -2.14078942918958e+00
  -2.14078942923748e+00
  -2.14078942928511e+00
  -2.14078942933248e+00
  -2.14078942937957e+00
  -2.14078942942639e+00
  -2.14078942947295e+00
  -2.14078942951924e+00
  -2.14078942956527e+00
  -2.14078942961102e+00
  -2.14078942965651e+00
  -2.14078942970173e+00
  -2.14078942974669e+00
  -2.14078942979138e+00
  -2.14078942983581e+00
  -2.14078942987997e+00
  -2.14078942992387e+00
  -2.14078942996751e+00
  -2.14078943001088e+00
  -2.14078943005399e+00
  -2.14078943009684e+00
  -2.14078943013943e+00
  -2.14078943018175e+00
  -2.14078943022382e+00
  -2.14078943026562e+00
  -2.14078943030717e+00
  -2.14078943034845e+00
  -2.14078943038948e+00
  -2.14078943043025e+00
  -2.14078943047077e+00
  -2.14078943051102e+00
  -2.14078943055103e+00
  -2.14078943059077e+00
  -2.14078943063026e+00
  -2.14078943066950e+00
  -2.14078943070848e+00
  -2.14078943074721e+00
  -2.14078943078569e+00
  -2.14078943082392e+00
  -2.14078943086189e+00
  -2.14078943089962e+00
  -2.14078943093709e+00
  -2.14078943097431e+00
  -2.14078943101129e+00
  -2.14078943104802e+00
  -2.14078943108450e+00
  -2.14078943112074e+00
  -2.14078943115673e+00
  -2.14078943119247e+00
  -2.14078943122797e+00
  -2.14078943126322e+00
  -2.14078943129824e+00
  -2.14078943133301e+00
  -2.14078943136753e+00
  -2.14078943140182e+00
  -2.14078943143587e+00
  -2.14078943146967e+00
  -2.14078943150324e+00
  -2.14078943153657e+00
  -2.14078943156967e+00
  -2.14078943160252e+00
  -2.14078943163514e+00
  -2.14078943166753e+00
  -2.14078943169967e+00
  -2.14078943173159e+00
  -2.14078943176327e+00
  -2.14078943179472e+00
  -2.14078943182594e+00
  -2.14078943185693e+00
  -2.14078943188769e+00
  -2.14078943191822e+00
  -2.14078943194852e+00
  -2.14078943197859e+00
  -2.14078943200844e+00
  -2.14078943203806e+00
  -2.14078943206745e+00
  -2.14078943209662e+00
  -2.14078943212557e+00
  -2.14078943215429e+00
  -2.14078943218280e+00
  -2.14078943221107e+00
  -2.14078943223913e+00
  -2.14078943226697e+00
  -2.14078943229459e+00
  -2.14078943232199e+00
  -2.14078943234917e+00
  -2.14078943237614e+00
  -2.14078943240289e+00
  -2.14078943242942e+00
  -2.14078943245574e+00
  -2.14078943248185e+00
  -2.14078943250775e+00
  -2.14078943253343e+00
  -2.14078943255890e+00
  -2.14078943258416e+00
  -2.14078943260921e+00
  -2.14078943263405e+00
  -2.14078943265869e+00
  -2.14078943268312e+00
  -2.14078943270734e+00
  -2.14078943273135e+00
  -2.14078943275516e+00
  -2.14078943277877e+00
  -2.14078943280218e+00
  -2.14078943282538e+00
  -2.14078943284838e+00
  -2.14078943287118e+00
  -2.14078943289378e+00
  -2.14078943291618e+00
  -2.14078943293839e+00
  -2.14078943296039e+00
  -2.14078943298220e+00
  -2.14078943300381e+00
  -2.14078943302523e+00
  -2.14078943304646e+00
  -2.14078943306749e+00
  -2.14078943308833e+00
  -2.14078943310898e+00
  -2.14078943312944e+00
  -2.14078943314971e+00
  -2.14078943316979e+00
  -2.14078943318967e+00
  -2.14078943320938e+00
  -2.14078943322889e+00
  -2.14078943324823e+00
  -2.14078943326737e+00
  -2.14078943328633e+00
  -2.14078943330511e+00
  -2.14078943332371e+00
  -2.14078943334213e+00
  -2.14078943336036e+00
  -2.14078943337841e+00
  -2.14078943339629e+00
  -2.14078943341398e+00
  -2.14078943343150e+00
  -2.14078943344885e+00
  -2.14078943346601e+00
  -2.14078943348301e+00
  -2.14078943349983e+00
  -2.14078943351647e+00
  -2.14078943353294e+00
  -2.14078943354925e+00
  -2.14078943356538e+00
  -2.14078943358134e+00
  -2.14078943359713e+00
  -2.14078943361275e+00
  -2.14078943362821e+00
  -2.14078943364349e+00
  -2.14078943365862e+00
  -2.14078943367357e+00
  -2.14078943368837e+00
  -2.14078943370300e+00
  -2.14078943371746e+00
  -2.14078943373177e+00
  -2.14078943374592e+00
  -2.14078943375990e+00
  -2.14078943377373e+00
  -2.14078943378739e+00
  -2.14078943380090e+00
  -2.14078943381426e+00
  -2.14078943382745e+00
  -2.14078943384050e+00
  -2.14078943385338e+00
  -2.14078943386612e+00
  -2.14078943387870e+00
  -2.14078943389113e+00
  -2.14078943390341e+00
  -2.14078943391553e+00
  -2.14078943392751e+00
  -2.14078943393934e+00
  -2.14078943395102e+00
  -2.14078943396256e+00
  -2.14078943397395e+00
  -2.14078943398519e+00
  -2.14078943399629e+00
  -2.14078943400724e+00
  -2.14078943401806e+00
  -2.14078943402872e+00
  -2.14078943403925e+00
  -2.14078943404964e+00
  -2.14078943405989e+00
  -2.14078943407000e+00
  -2.14078943407997e+00
  -2.14078943408980e+00
  -2.14078943409950e+00
  -2.14078943410906e+00
  -2.14078943411848e+00
  -2.14078943412777e+00
  -2.14078943413693e+00
  -2.14078943414596e+00
  -2.14078943415485e+00
  -2.14078943416361e+00
  -2.14078943417225e+00
  -2.14078943418075e+00
  -2.14078943418912e+00
  -2.14078943419737e+00
  -2.14078943420549e+00
  -2.14078943421348e+00
  -2.14078943422135e+00
  -2.14078943422909e+00
  -2.14078943423671e+00
  -2.14078943424420e+00
  -2.14078943425157e+00
  -2.14078943425882e+00
  -2.14078943426595e+00
  -2.14078943427296e+00
  -2.14078943427985e+00
  -2.14078943428662e+00
  -2.14078943429328e+00
  -2.14078943429982e+00
  -2.14078943430624e+00
  -2.14078943431254e+00
  -2.14078943431873e+00
  -2.14078943432481e+00
  -2.14078943433077e+00
  -2.14078943433662e+00
  -2.14078943434236e+00
  -2.14078943434799e+00
  -2.14078943435350e+00
  -2.14078943435891e+00
  -2.14078943436421e+00
  -2.14078943436940e+00
  -2.14078943437449e+00
  -2.14078943437947e+00
  -2.14078943438434e+00
  -2.14078943438910e+00
  -2.14078943439377e+00
  -2.14078943439833e+00
  -2.14078943440278e+00
  -2.14078943440714e+00
  -2.14078943441139e+00
  -2.14078943441555e+00
  -2.14078943441960e+00
  -2.14078943442355e+00
  -2.14078943442741e+00
  -2.14078943443117e+00
  -2.14078943443483e+00
  -2.14078943443840e+00
  -2.14078943444187e+00
  -2.14078943444524e+00
  -2.14078943444853e+00
  -2.14078943445172e+00
  -2.14078943445481e+00
  -2.14078943445782e+00
  -2.14078943446073e+00
  -2.14078943446355e+00
  -2.14078943446629e+00
  -2.14078943446893e+00
  -2.14078943447149e+00
  -2.14078943447396e+00
  -2.14078943447634e+00
  -2.14078943447864e+00
  -2.14078943448085e+00
  -2.14078943448298e+00
  -2.14078943448502e+00
  -2.14078943448698e+00
  -2.14078943448886e+00
  -2.14078943449066e+00
  -2.14078943449237e+00
  -2.14078943449401e+00
  -2.14078943449556e+00
  -2.14078943449704e+00
  -2.14078943449843e+00
  -2.14078943449976e+00
  -2.14078943450100e+00
  -2.14078943450216e+00
  -2.14078943450326e+00
  -2.14078943450427e+00
  -2.14078943450522e+00
  -2.14078943450609e+00
  -2.14078943450688e+00
  -2.14078943450761e+00
  -2.14078943450826e+00
  -2.14078943450885e+00
  -2.14078943450936e+00
  -2.14078943450980e+00
  -2.14078943451018e+00
  -2.14078943451048e+00
  -2.14078943451072e+00
  -2.14078943451090e+00
  -2.14078943451100e+00
  -2.14078943451105e+00
  -2.14078943451102e+00
  -2.14078943451094e+00
  -2.14078943451078e+00
  -2.14078943451057e+00
  -2.14078943451030e+00
  -2.14078943450996e+00
  -2.14078943450956e+00
  -2.14078943450910e+00
  -2.14078943450859e+00
  -2.14078943450801e+00
  -2.14078943450738e+00
  -2.14078943450669e+00
  -2.14078943450594e+00
  -2.14078943450514e+00
  -2.14078943450428e+00
  -2.14078943450337e+00
  -2.14078943450240e+00
  -2.14078943450138e+00
  -2.14078943450030e+00
  -2.14078943449918e+00
  -2.14078943449800e+00
  -2.14078943449677e+00
  -2.14078943449549e+00
  -2.14078943449416e+00
  -2.14078943449278e+00
  -2.14078943449135e+00
  -2.14078943448987e+00
  -2.14078943448835e+00
  -2.14078943448678e+00
  -2.14078943448517e+00
  -2.14078943448351e+00
  -2.14078943448180e+00
  -2.14078943448005e+00
  -2.14078943447826e+00
  -2.14078943447642e+00
  -2.14078943447454e+00
  -2.14078943447262e+00
  -2.14078943447066e+00
  -2.14078943446866e+00
  -2.14078943446662e+00
  -2.14078943446453e+00
  -2.14078943446241e+00
  -2.14078943446026e+00
  -2.14078943445806e+00
  -2.14078943445583e+00
  -2.14078943445356e+00
  -2.14078943445125e+00
  -2.14078943444891e+00
  -2.14078943444654e+00
  -2.14078943444413e+00
  -2.14078943444169e+00
  -2.14078943443921e+00
  -2.14078943443671e+00
  -2.14078943443417e+00
  -2.14078943443160e+00
  -2.14078943442900e+00
  -2.14078943442637e+00
  -2.14078943442371e+00
  -2.14078943442102e+00
  -2.14078943441831e+00
  -2.14078943441556e+00
  -2.14078943441279e+00
  -2.14078943440999e+00
  -2.14078943440717e+00
  -2.14078943440432e+00
  -2.14078943440145e+00
  -2.14078943439855e+00
  -2.14078943439563e+00
  -2.14078943439268e+00
  -2.14078943438972e+00
  -2.14078943438673e+00
  -2.14078943438372e+00
  -2.14078943438068e+00
  -2.14078943437763e+00
  -2.14078943437456e+00
  -2.14078943437147e+00
  -2.14078943436836e+00
  -2.14078943436523e+00
  -2.14078943436208e+00
  -2.14078943435892e+00
  -2.14078943435574e+00
  -2.14078943435254e+00
  -2.14078943434933e+00
  -2.14078943434611e+00
  -2.14078943434286e+00
  -2.14078943433961e+00
  -2.14078943433634e+00
  -2.14078943433306e+00
  -2.14078943432976e+00
  -2.14078943432646e+00
  -2.14078943432314e+00
  -2.14078943431981e+00
  -2.14078943431647e+00
  -2.14078943431313e+00
  -2.14078943430977e+00
  -2.14078943430640e+00
  -2.14078943430303e+00
  -2.14078943429964e+00
  -2.14078943429626e+00
  -2.14078943429286e+00
  -2.14078943428945e+00
  -2.14078943428605e+00
  -2.14078943428263e+00
  -2.14078943427921e+00
  -2.14078943427579e+00
  -2.14078943427236e+00
  -2.14078943426893e+00
  -2.14078943426550e+00
  -2.14078943426206e+00
  -2.14078943425863e+00
  -2.14078943425519e+00
  -2.14078943425175e+00
  -2.14078943424831e+00
  -2.14078943424487e+00
  -2.14078943424143e+00
  -2.14078943423799e+00
  -2.14078943423456e+00
  -2.14078943423112e+00
  -2.14078943422769e+00
  -2.14078943422426e+00
  -2.14078943422083e+00
  -2.14078943421741e+00
  -2.14078943421399e+00
  -2.14078943421058e+00
  -2.14078943420717e+00
  -2.14078943420377e+00
  -2.14078943420037e+00
  -2.14078943419698e+00
  -2.14078943419360e+00
  -2.14078943419022e+00
  -2.14078943418686e+00
  -2.14078943418350e+00
  -2.14078943418015e+00
  -2.14078943417681e+00
  -2.14078943417348e+00
  -2.14078943417016e+00
  -2.14078943416684e+00
  -2.14078943416355e+00
  -2.14078943416026e+00
  -2.14078943415698e+00
  -2.14078943415372e+00
  -2.14078943415046e+00
  -2.14078943414723e+00
  -2.14078943414400e+00
  -2.14078943414079e+00
  -2.14078943413760e+00
  -2.14078943413442e+00
  -2.14078943413125e+00
  -2.14078943412810e+00
  -2.14078943412496e+00
  -2.14078943412185e+00
  -2.14078943411875e+00
  -2.14078943411566e+00
  -2.14078943411260e+00
  -2.14078943410955e+00
  -2.14078943410652e+00
  -2.14078943410351e+00
  -2.14078943410052e+00
  -2.14078943409755e+00
  -2.14078943409460e+00
  -2.14078943409167e+00
  -2.14078943408876e+00
  -2.14078943408587e+00
  -2.14078943408300e+00
  -2.14078943408016e+00
  -2.14078943407733e+00
  -2.14078943407453e+00
  -2.14078943407176e+00
  -2.14078943406900e+00
  -2.14078943406628e+00
  -2.14078943406357e+00
  -2.14078943406089e+00
  -2.14078943405824e+00
  -2.14078943405561e+00
  -2.14078943405301e+00
  -2.14078943405043e+00
  -2.14078943404788e+00
  -2.14078943404535e+00
  -2.14078943404286e+00
  -2.14078943404039e+00
  -2.14078943403795e+00
  -2.14078943403553e+00
  -2.14078943403315e+00
  -2.14078943403080e+00
  -2.14078943402847e+00
  -2.14078943402618e+00
  -2.14078943402391e+00
  -2.14078943402167e+00
  -2.14078943401947e+00
  -2.14078943401730e+00
  -2.14078943401516e+00
  -2.14078943401305e+00
  -2.14078943401097e+00
  -2.14078943400892e+00
  -2.14078943400691e+00
  -2.14078943400493e+00
  -2.14078943400299e+00
  -2.14078943400107e+00
  -2.14078943399919e+00
  -2.14078943399735e+00
  -2.14078943399554e+00
  -2.14078943399377e+00
  -2.14078943399203e+00
  -2.14078943399033e+00
  -2.14078943398866e+00
  -2.14078943398703e+00
  -2.14078943398543e+00
  -2.14078943398388e+00
  -2.14078943398236e+00
  -2.14078943398087e+00
  -2.14078943397943e+00
  -2.14078943397802e+00
  -2.14078943397665e+00
  -2.14078943397533e+00
  -2.14078943397404e+00
  -2.14078943397278e+00
  -2.14078943397157e+00
  -2.14078943397040e+00
  -2.14078943396927e+00
  -2.14078943396818e+00
  -2.14078943396713e+00
  -2.14078943396612e+00
  -2.14078943396515e+00
  -2.14078943396423e+00
  -2.14078943396334e+00
  -2.14078943396250e+00
  -2.14078943396170e+00
  -2.14078943396094e+00
  -2.14078943396023e+00
  -2.14078943395956e+00
  -2.14078943395893e+00
  -2.14078943395834e+00
  -2.14078943395780e+00
  -2.14078943395731e+00
  -2.14078943395686e+00
  -2.14078943395645e+00
  -2.14078943395609e+00
  -2.14078943395577e+00
  -2.14078943395550e+00
  -2.14078943395527e+00
  -2.14078943395509e+00
  -2.14078943395496e+00
  -2.14078943395487e+00
  -2.14078943395483e+00
  -2.14078943395484e+00
  -2.14078943395489e+00
  -2.14078943395499e+00
  -2.14078943395514e+00
  -2.14078943395534e+00
  -2.14078943395558e+00
  -2.14078943395587e+00
  -2.14078943395621e+00
  -2.14078943395660e+00
  -2.14078943395704e+00
  -2.14078943395753e+00
  -2.14078943395807e+00
  -2.14078943395866e+00
  -2.14078943395929e+00
  -2.14078943395998e+00
  -2.14078943396072e+00
  -2.14078943396150e+00
  -2.14078943396234e+00
  -2.14078943396323e+00
  -2.14078943396417e+00
  -2.14078943396516e+00
  -2.14078943396620e+00
  -2.14078943396730e+00
  -2.14078943396844e+00
  -2.14078943396964e+00
  -2.14078943397089e+00
  -2.14078943397219e+00
  -2.14078943397355e+00
  -2.14078943397496e+00
  -2.14078943397642e+00
  -2.14078943397793e+00
  -2.14078943397950e+00
  -2.14078943398112e+00
  -2.14078943398279e+00
  -2.14078943398452e+00
  -2.14078943398630e+00
  -2.14078943398814e+00
  -2.14078943399003e+00
  -2.14078943399198e+00
  -2.14078943399397e+00
  -2.14078943399603e+00
  -2.14078943399814e+00
  -2.14078943400030e+00
  -2.14078943400252e+00
  -2.14078943400479e+00
  -2.14078943415928e+00
  -2.14078943432813e+00
  -2.14078943451149e+00
  -2.14078943470949e+00
  -2.14078943492226e+00
  -2.14078943514991e+00
  -2.14078943539255e+00
  -2.14078943565029e+00
  -2.14078943592322e+00
  -2.14078943621143e+00
  -2.14078943651499e+00
  -2.14078943683398e+00
  -2.14078943716847e+00
  -2.14078943751850e+00
  -2.14078943788412e+00
  -2.14078943826538e+00
  -2.14078943866231e+00
  -2.14078943907493e+00
  -2.14078943950327e+00
  -2.14078943994733e+00
  -2.14078944040712e+00
  -2.14078944088263e+00
  -2.14078944137386e+00
  -2.14078944188078e+00
  -2.14078944240336e+00
  -2.14078944294159e+00
  -2.14078944349540e+00
  -2.14078944406477e+00
  -2.14078944464963e+00
  -2.14078944524992e+00
  -2.14078944586557e+00
  -2.14078944649651e+00
  -2.14078944714265e+00
  -2.14078944780391e+00
  -2.14078944848019e+00
  -2.14078944917138e+00
  -2.14078944987738e+00
  -2.14078945059808e+00
  -2.14078945133334e+00
  -2.14078945208304e+00
  -2.14078945284704e+00
  -2.14078945362521e+00
  -2.14078945441739e+00
  -2.14078945522343e+00
  -2.14078945604317e+00
  -2.14078945687644e+00
  -2.14078945772307e+00
  -2.14078945858288e+00
  -2.14078945945568e+00
  -2.14078946034130e+00
  -2.14078946123952e+00
  -2.14078946215015e+00
  -2.14078946307299e+00
  -2.14078946400781e+00
  -2.14078946495441e+00
  -2.14078946591255e+00
  -2.14078946688201e+00
  -2.14078946786256e+00
  -2.14078946885396e+00
  -2.14078946985596e+00
  -2.14078947086831e+00
  -2.14078947189077e+00
  -2.14078947292307e+00
  -2.14078947396496e+00
  -2.14078947501616e+00
  -2.14078947607641e+00
  -2.14078947714542e+00
  -2.14078947822293e+00
  -2.14078947930865e+00
  -2.14078948040228e+00
  -2.14078948150354e+00
  -2.14078948261213e+00
  -2.14078948372775e+00
  -2.14078948485011e+00
  -2.14078948597889e+00
  -2.14078948711379e+00
  -2.14078948825449e+00
  -2.14078948940068e+00
  -2.14078949055204e+00
  -2.14078949170824e+00
  -2.14078949286897e+00
  -2.14078949403390e+00
  -2.14078949520269e+00
  -2.14078949637502e+00
  -2.14078949755056e+00
  -2.14078949872895e+00
  -2.14078949990987e+00
  -2.14078950109298e+00
  -2.14078950227794e+00
  -2.14078950346439e+00
  -2.14078950465199e+00
  -2.14078950584040e+00
  -2.14078950702927e+00
  -2.14078950821825e+00
  -2.14078950940698e+00
  -2.14078951059511e+00
  -2.14078951178230e+00
  -2.14078951296817e+00
  -2.14078951415240e+00
  -2.14078951533460e+00
  -2.14078951651444e+00
  -2.14078951769155e+00
  -2.14078951886558e+00
  -2.14078952003616e+00
  -2.14078952120296e+00
  -2.14078952236559e+00
  -2.14078952352373e+00
  -2.14078952467699e+00
  -2.14078952582504e+00
  -2.14078952696751e+00
  -2.14078952810405e+00
  -2.14078952923431e+00
  -2.14078953035794e+00
  -2.14078953147458e+00
  -2.14078953258388e+00
  -2.14078953368550e+00
  -2.14078953477909e+00
  -2.14078953586431e+00
  -2.14078953694080e+00
  -2.14078953800822e+00
  -2.14078953906624e+00
  -2.14078954011452e+00
  -2.14078954115271e+00
  -2.14078954218050e+00
  -2.14078954319753e+00
  -2.14078954420349e+00
  -2.14078954519805e+00
  -2.14078954618088e+00
  -2.14078954715166e+00
  -2.14078954811007e+00
  -2.14078954905580e+00
  -2.14078954998853e+00
  -2.14078955090796e+00
  -2.14078955181376e+00
  -2.14078955270566e+00
  -2.14078955358334e+00
  -2.14078955444651e+00
  -2.14078955529487e+00
  -2.14078955612814e+00
  -2.14078955694603e+00
  -2.14078955774826e+00
  -2.14078955853456e+00
  -2.14078955930465e+00
  -2.14078956005826e+00
  -2.14078956079513e+00
  -2.14078956151500e+00
  -2.14078956221761e+00
  -2.14078956290272e+00
  -2.14078956357007e+00
  -2.14078956421943e+00
  -2.14078956485055e+00
  -2.14078956546322e+00
  -2.14078956605719e+00
  -2.14078956663225e+00
  -2.14078956718819e+00
  -2.14078956772479e+00
  -2.14078956824184e+00
  -2.14078956873914e+00
  -2.14078956921650e+00
  -2.14078956967374e+00
  -2.14078957011065e+00
  -2.14078957052707e+00
  -2.14078957092283e+00
  -2.14078957129775e+00
  -2.14078957165167e+00
  -2.14078957198444e+00
  -2.14078957229590e+00
  -2.14078957258592e+00
  -2.14078957285436e+00
  -2.14078957310108e+00
  -2.14078957332596e+00
  -2.14078957352887e+00
  -2.14078957370971e+00
  -2.14078957386836e+00
  -2.14078957400474e+00
  -2.14078957411873e+00
  -2.14078957421025e+00
  -2.14078957427922e+00
  -2.14078957432557e+00
  -2.14078957434922e+00
  -2.14078957435011e+00
  -2.14078957432819e+00
  -2.14078957428341e+00
  -2.14078957421571e+00
  -2.14078957412507e+00
  -2.14078957401145e+00
  -2.14078957387484e+00
  -2.14078957371521e+00
  -2.14078957353255e+00
  -2.14078957332685e+00
  -2.14078957309813e+00
  -2.14078957284639e+00
  -2.14078957257165e+00
  -2.14078957227392e+00
  -2.14078957195324e+00
  -2.14078957160964e+00
  -2.14078957124317e+00
  -2.14078957085387e+00
  -2.14078957044181e+00
  -2.14078957000703e+00
  -2.14078956954961e+00
  -2.14078956906963e+00
  -2.14078956856717e+00
  -2.14078956804231e+00
  -2.14078956749515e+00
  -2.14078956692579e+00
  -2.14078956633434e+00
  -2.14078956572091e+00
  -2.14078956508563e+00
  -2.14078956442862e+00
  -2.14078956375001e+00
  -2.14078956304994e+00
  -2.14078956232857e+00
  -2.14078956158603e+00
  -2.14078956082249e+00
  -2.14078956003812e+00
  -2.14078955923308e+00
  -2.14078955840756e+00
  -2.14078955756172e+00
  -2.14078955669577e+00
  -2.14078955580990e+00
  -2.14078955490430e+00
  -2.14078955397918e+00
  -2.14078955303476e+00
  -2.14078955207126e+00
  -2.14078955108889e+00
  -2.14078955008788e+00
  -2.14078954906847e+00
  -2.14078954803090e+00
  -2.14078954697542e+00
  -2.14078954590227e+00
  -2.14078954481171e+00
  -2.14078954370400e+00
  -2.14078954257941e+00
  -2.14078954143821e+00
  -2.14078954028067e+00
  -2.14078953910708e+00
  -2.14078953791772e+00
  -2.14078953671288e+00
  -2.14078953549286e+00
  -2.14078953425795e+00
  -2.14078953300846e+00
  -2.14078953174470e+00
  -2.14078953046699e+00
  -2.14078952917563e+00
  -2.14078952787095e+00
  -2.14078952655327e+00
  -2.14078952522293e+00
  -2.14078952388026e+00
  -2.14078952252559e+00
  -2.14078952115926e+00
  -2.14078951978162e+00
  -2.14078951839302e+00
