  -5.24264068711928e-02   5.94656313335757e-06   4.29386555277239e+01
  -5.10469266439714e-02   6.43648980061305e-06   4.61355674513772e+01
  -4.96674464167499e-02   6.90224778579891e-06   4.92610035324741e+01
  -4.82879661895285e-02   7.33033570215443e-06   5.22451759313599e+01
  -4.69084859623070e-02   7.71825953086178e-06   5.50753886014360e+01
  -4.55290057350856e-02   8.07249866882787e-06   5.77834524158039e+01
  -4.41495255078641e-02   8.39996049356446e-06   6.03977957296034e+01
  -4.27700452806427e-02   8.69979101479728e-06   6.28990883888735e+01
  -4.13905650534212e-02   8.96267376985678e-06   6.52195479688554e+01
  -4.00110848261998e-02   9.17808088237739e-06   6.72882113362117e+01
  -3.86316045989783e-02   9.34373874126266e-06   6.90887092884664e+01
  -3.72521243717569e-02   9.47125233696102e-06   7.06935904044616e+01
  -3.58726441445354e-02   9.58515329447836e-06   7.22574855858916e+01
  -3.44931639173140e-02   9.71543938549512e-06   7.39676526990468e+01
  -3.31136836900925e-02   9.88627762499863e-06   7.59680437219439e+01
  -3.17342034628710e-02   1.01059937768527e-05   7.82908787631161e+01
  -3.03547232356496e-02   1.03635002315945e-05   8.08318850574645e+01
  -2.89752430084281e-02   1.06339099849408e-05   8.33905533496953e+01
  -2.75957627812067e-02   1.08919688272437e-05   8.57673571761208e+01
  -2.62162825539852e-02   1.11263593067949e-05   8.78673527594583e+01
  -2.48368023267638e-02   1.13455754622416e-05   8.97410329633585e+01
  -2.34573220995423e-02   1.15726321826794e-05   9.15427980428310e+01
  -2.20778418723209e-02   1.18357846956712e-05   9.34620941840882e+01
  -2.06983616450994e-02   1.21634626776874e-05   9.56883893387254e+01
  -1.93188814178780e-02   1.25835659915275e-05   9.84078526980483e+01
  -1.79394011906565e-02   1.31215943312941e-05   1.01787000333985e+02
  -1.65599209634351e-02   1.37946522291664e-05   1.05922576530074e+02
  -1.51804407362136e-02   1.46037049891856e-05   1.10782383698593e+02
  -1.38009605089922e-02   1.55283575651660e-05   1.16177167068350e+02
  -1.24214802817707e-02   1.65271746768173e-05   1.21789739207995e+02
  -1.10420000545493e-02   1.75445754691465e-05   1.27262522943856e+02
  -9.66251982732780e-03   1.85232216120751e-05   1.32315935457537e+02
  -8.28303960010635e-03   1.94184485915696e-05   1.36846257822217e+02
  -6.90355937288490e-03   2.02090019889307e-05   1.40949603130520e+02
  -5.52407914566345e-03   2.08977372884888e-05   1.44853214351076e+02
  -4.14459891844200e-03   2.14999882271274e-05   1.48793414798249e+02
  -2.76511869122054e-03   2.20267040320065e-05   1.52916974487081e+02
  -1.38563846399909e-03   2.24763174894416e-05   1.57265184465054e+02
  -6.15823677763139e-06   2.28425771073505e-05   1.61831961887483e+02
   1.37332199044382e-03   2.31297156798913e-05   1.66623704364664e+02
   2.75280221766527e-03   2.33592925432111e-05   1.71656366943642e+02
   4.13228244488673e-03   2.35612224855769e-05   1.76894931951915e+02
   5.51176267210818e-03   2.37546934887076e-05   1.82195785878610e+02
   6.89124289932963e-03   2.39326059107699e-05   1.87308648540805e+02
   8.27072312655108e-03   2.40618066518641e-05   1.91949812991983e+02
   9.65020335377254e-03   2.41018424415277e-05   1.95920370355202e+02
   1.10296835809940e-02   2.40320436080025e-05   1.99225949460618e+02
   1.24091638082154e-02   2.38685965237915e-05   2.02134295467565e+02
   1.37886440354369e-02   2.36602583660201e-05   2.05116674977364e+02
   1.51681242626583e-02   2.34692313533645e-05   2.08696418959280e+02
   1.65476044898798e-02   2.33510881281573e-05   2.13290197405063e+02
   1.79270847171012e-02   2.33396951515311e-05   2.19103059182464e+02
   1.93065649443227e-02   2.34373429579174e-05   2.26087723881243e+02
   2.06860451715442e-02   2.36132779383881e-05   2.33963109507488e+02
   2.20655253987656e-02   2.38153079329157e-05   2.42293069002668e+02
   2.34450056259871e-02   2.39932016931332e-05   2.50626282812916e+02
   2.48244858532085e-02   2.41232233725051e-05   2.58667613822956e+02
   2.62039660804300e-02   2.42187689468507e-05   2.66397591176792e+02
   2.75834463076514e-02   2.43198646684312e-05   2.74057516446956e+02
   2.89629265348729e-02   2.44700362507699e-05   2.82017125926807e+02
   3.03424067620943e-02   2.46966910124003e-05   2.90634770211128e+02
   3.17218869893158e-02   2.50029732670092e-05   3.00181640149779e+02
   3.31013672165372e-02   2.53677357957853e-05   3.10798440702958e+02
   3.44808474437587e-02   2.57497239394899e-05   3.22446854027889e+02
   3.58603276709801e-02   2.60970388844320e-05   3.34892124894931e+02
   3.72398078982016e-02   2.63614332186239e-05   3.47761312555311e+02
   3.86192881254230e-02   2.65120250911029e-05   3.60657413136207e+02
   3.99987683526445e-02   2.65434499824021e-05   3.73277552276516e+02
   4.13782485798660e-02   2.64760456828470e-05   3.85496052485619e+02
   4.27577288070874e-02   2.63461564092763e-05   3.97380753156179e+02
   4.41372090343089e-02   2.61885390871700e-05   4.09127628741703e+02
   4.55166892615303e-02   2.60202352569460e-05   4.20950824563723e+02
   4.68961694887518e-02   2.58364139529729e-05   4.33004282395125e+02
   4.82756497159732e-02   2.56199602154097e-05   4.45372072810741e+02
   4.96551299431947e-02   2.53563675025208e-05   4.58083493233456e+02
   5.10346101704161e-02   2.50432736664587e-05   4.71087681220973e+02
   5.24140903976376e-02   2.46897729865560e-05   4.84179229301213e+02
   5.37935706248590e-02   2.43082522004727e-05   4.96945399045711e+02
   5.51730508520805e-02   2.39062006423583e-05   5.08846961499984e+02
   5.65525310793019e-02   2.34843360310227e-05   5.19462994483197e+02
   5.79320113065234e-02   2.30408443232154e-05   5.28738204851823e+02
   5.93114915337448e-02   2.25758134311492e-05   5.37001732095584e+02
   6.06909717609663e-02   2.20913784074494e-05   5.44730571256216e+02
   6.20704519881878e-02   2.15891043301405e-05   5.52266337729151e+02
   6.34499322154092e-02   2.10681709782208e-05   5.59669792756198e+02
   6.48294124426307e-02   2.05250862307829e-05   5.66722773873994e+02
   6.62088926698521e-02   1.99543111905743e-05   5.73011664927691e+02
   6.75883728970736e-02   1.93499781422196e-05   5.78049296341722e+02
   6.89678531242950e-02   1.87083937017724e-05   5.81407954682691e+02
   7.03473333515165e-02   1.80299431279722e-05   5.82830402134534e+02
   7.17268135787379e-02   1.73191209702328e-05   5.82271007984489e+02
   7.31062938059594e-02   1.65826122966230e-05   5.79831021663695e+02
   7.44857740331808e-02   1.58270241287088e-05   5.75629546033558e+02
   7.58652542604023e-02   1.50580591499734e-05   5.69702911670271e+02
   7.72447344876237e-02   1.42805674226352e-05   5.61944712813184e+02
   7.86242147148452e-02   1.34974944176536e-05   5.52012295691749e+02
   8.00036949420666e-02   1.27080272963876e-05   5.39205112210461e+02
   8.13831751692881e-02   1.19077328791336e-05   5.22468403060726e+02
   8.27626553965095e-02   1.10921809428658e-05   5.00674768575612e+02
   8.41421356237310e-02   1.02622570804903e-05   4.73157852907022e+02
