   2.00000000000000e+00   5.43286891481983e-06
   2.12244897959184e+00   5.66329100636563e-06
   2.24489795918367e+00   5.90094358875889e-06
   2.36734693877551e+00   6.14559804775791e-06
   2.48979591836735e+00   6.39772008449537e-06
   2.61224489795918e+00   6.65878466702452e-06
   2.73469387755102e+00   6.93172062002614e-06
   2.85714285714286e+00   7.22155958273107e-06
   2.97959183673469e+00   7.53642289947203e-06
   3.10204081632653e+00   7.88909290360274e-06
   3.22448979591837e+00   8.29963834960097e-06
   3.34693877551020e+00   8.80001658860592e-06
   3.46938775510204e+00   9.44249434975696e-06
   3.59183673469388e+00   1.03154352336064e-05
   3.71428571428571e+00   1.15716321577981e-05
   3.83673469387755e+00   1.34626481306143e-05
   3.95918367346939e+00   1.62575685875032e-05
   4.08163265306122e+00   1.95462924829531e-05
   4.20408163265306e+00   2.14556512276287e-05
   4.32653061224490e+00   2.12990884414474e-05
   4.44897959183673e+00   1.98245872921298e-05
   4.57142857142857e+00   1.75741383389535e-05
   4.69387755102041e+00   1.57930914203569e-05
   4.81632653061224e+00   1.42865140539632e-05
   4.93877551020408e+00   1.26772112161039e-05
   5.06122448979592e+00   1.14096568160280e-05
   5.18367346938776e+00   1.07081669355586e-05
   5.30612244897959e+00   1.03427804366496e-05
   5.42857142857143e+00   9.82486252100888e-06
   5.55102040816327e+00   8.93824517678851e-06
   5.67346938775510e+00   7.84667795773244e-06
   5.79591836734694e+00   6.71855526953106e-06
   5.91836734693878e+00   5.63470634123581e-06
   6.04081632653061e+00   4.67680038469175e-06
   6.16326530612245e+00   3.85667008232783e-06
   6.28571428571429e+00   3.13450201106168e-06
   6.40816326530612e+00   2.50718855569296e-06
   6.53061224489796e+00   1.99695262960913e-06
   6.65306122448980e+00   1.60345593158267e-06
   6.77551020408163e+00   1.30128292612938e-06
   6.89795918367347e+00   1.05955752039239e-06
   7.02040816326531e+00   8.58830766406011e-07
   7.14285714285714e+00   6.92957008654116e-07
   7.26530612244898e+00   5.59713102497253e-07
   7.38775510204082e+00   4.54394940076761e-07
   7.51020408163265e+00   3.70504262614945e-07
   7.63265306122449e+00   3.02140936446013e-07
   7.75510204081633e+00   2.45169956531202e-07
   7.87755102040816e+00   1.97254856826120e-07
   8.00000000000000e+00   1.57217811713409e-07
