   3.13533964012513e-03   9.18000000000000e-02   3.41540265808838e-02
   6.98931321983492e-02   9.18000000000000e-02   7.61363095842584e-01
   3.61540231491014e-04   9.18000000000000e-02   3.93834674826813e-03
   3.94257276921228e-03   9.18000000000000e-02   4.29474157866262e-02
   1.97378996174062e-02   9.18000000000000e-02   2.15009799753880e-01
   2.21151439584891e-03   9.18000000000000e-02   2.40905707608813e-02
   2.93418559047710e-03   9.18000000000000e-02   3.19628059964826e-02
   5.03472265649225e-02   9.18000000000000e-02   5.48444733822685e-01
   1.08530453388909e-02   9.18000000000000e-02   1.18224894759160e-01
   1.87973074088463e-03   9.18000000000000e-02   2.04763697264121e-02
   5.80402906590087e-03   9.18000000000000e-02   6.32247174934735e-02
   8.72392649374173e-03   9.18000000000000e-02   9.50318790167945e-02
   7.22715749998705e-02   9.18000000000000e-02   7.87272058822118e-01
   9.36137423166700e-04   9.18000000000000e-02   1.01975754157593e-02
   6.74402212500016e-02   9.18000000000000e-02   7.34642933006553e-01
   3.40822654239913e-02   9.18000000000000e-02   3.71266507886616e-01
   4.90367830937172e-05   9.18000000000000e-02   5.34169750476222e-04
   2.93843410025936e-02   9.18000000000000e-02   3.20090860594702e-01
   4.40918735415222e-02   9.18000000000000e-02   4.80303633349916e-01
   2.23299940701541e-03   9.18000000000000e-02   2.43246122768563e-02
   7.43685416493666e-02   9.18000000000000e-02   8.10114832781771e-01
   5.61445270586486e-03   9.18000000000000e-02   6.11596155322969e-02
   1.84168757532695e-03   9.18000000000000e-02   2.00619561582456e-02
   6.70810038555070e-04   9.18000000000000e-02   7.30729889493540e-03
   3.60688367971701e-03   9.18000000000000e-02   3.92906718923422e-02
   3.45981394109154e-03   9.18000000000000e-02   3.76886050227837e-02
   1.52578203351854e-03   9.18000000000000e-02   1.66207193193741e-02
   5.81591714751999e-02   9.18000000000000e-02   6.33542172932461e-01
   4.62386357755795e-03   9.18000000000000e-02   5.03688842871237e-02
   5.66109857696298e-03   9.18000000000000e-02   6.16677404897928e-02
   2.09718924319070e-03   9.18000000000000e-02   2.28451987275676e-02
   4.90507532655156e-02   9.18000000000000e-02   5.34321930996902e-01
   2.17616587614916e-03   9.18000000000000e-02   2.37055106334331e-02
   6.17057874149909e-04   9.18000000000000e-02   6.72176333496633e-03
   3.67996928155520e-04   9.18000000000000e-02   4.00868113459172e-03
  -3.37802226360817e-04   9.18000000000000e-02  -3.67976281438799e-03
   1.76301186960057e-03   9.18000000000000e-02   1.92049223268036e-02
   4.09626871168853e-03   9.18000000000000e-02   4.46216635260188e-02
   1.37889809361710e-03   9.18000000000000e-02   1.50206764010578e-02
   4.98691622453228e-03   9.18000000000000e-02   5.43237061495891e-02
  -8.12658423691520e-04   9.18000000000000e-02  -8.85248827550676e-03
   3.07185700621085e-03   9.18000000000000e-02   3.34624946210332e-02
   5.81572820766648e-02   9.18000000000000e-02   6.33521591249072e-01
   4.73765598328026e-03   9.18000000000000e-02   5.16084529769091e-02
   6.40461938433841e-02   9.18000000000000e-02   6.97670956899609e-01
   2.24387621855704e-03   9.18000000000000e-02   2.44430960627128e-02
   5.51220378823474e-02   9.18000000000000e-02   6.00457929001606e-01
   3.81877312727411e-02   9.18000000000000e-02   4.15988358090862e-01
   4.11779954486766e-03   9.18000000000000e-02   4.48562041924581e-02
   6.95588141695028e-02   9.18000000000000e-02   7.57721287249486e-01
   2.37331858007742e-04   9.18000000000000e-02   2.58531435738281e-03
   6.70311803629925e-02   9.18000000000000e-02   7.30187149923665e-01
   6.09358161690830e-03   9.18000000000000e-02   6.63788847157767e-02
  -3.53295807606402e-04   9.18000000000000e-02  -3.84853820922006e-03
   2.26227219134789e-02   9.18000000000000e-02   2.46434879231796e-01
   4.41429847828219e-02   9.18000000000000e-02   4.80860400684334e-01
   5.51793326998869e-03   9.18000000000000e-02   6.01082055554323e-02
   4.46428734769248e-03   9.18000000000000e-02   4.86305811295478e-02
   5.22903041281906e-02   9.18000000000000e-02   5.69611156080507e-01
   3.53611967821200e-02   9.18000000000000e-02   3.85198222027451e-01
   3.32624293328909e-02   9.18000000000000e-02   3.62335831512973e-01
   4.13169490827479e-02   9.18000000000000e-02   4.50075698069150e-01
   2.20409993699480e-02   9.18000000000000e-02   2.40098032352375e-01
  -1.01661644392775e-03   9.18000000000000e-02  -1.10742532018274e-02
   5.54001348587546e-02   9.18000000000000e-02   6.03487307829571e-01
   1.44316612842396e-02   9.18000000000000e-02   1.57207639261869e-01
   3.59975437143450e-03   9.18000000000000e-02   3.92130105820752e-02
   5.42244828395365e-02   9.18000000000000e-02   5.90680640953557e-01
   6.55802507085194e-02   9.18000000000000e-02   7.14381815996944e-01
   2.52297435700442e-03   9.18000000000000e-02   2.74833807952552e-02
   5.68243103322609e-03   9.18000000000000e-02   6.19001201876480e-02
  -7.39771096881424e-03   9.18000000000000e-02  -8.05850868062553e-02
   1.69128504648876e-03   9.18000000000000e-02   1.84235843844091e-02
   1.58937255276970e-03   9.18000000000000e-02   1.73134265007592e-02
   1.11018256130924e-02   9.18000000000000e-02   1.20934919532597e-01
   4.28657438300876e-03   9.18000000000000e-02   4.66947100545617e-02
   3.07427524614898e-03   9.18000000000000e-02   3.34888371040194e-02
   7.93282090538682e-02   9.18000000000000e-02   8.64141710826451e-01
   4.79335476828515e-02   9.18000000000000e-02   5.22151935543044e-01
   1.48748525507837e-02   9.18000000000000e-02   1.62035430836424e-01
   3.13047907846947e-03   9.18000000000000e-02   3.41010792861598e-02
   7.41624632899616e-02   9.18000000000000e-02   8.07869970478885e-01
   1.58875780935047e-02   9.18000000000000e-02   1.73067299493516e-01
   2.00730441315616e-03   9.18000000000000e-02   2.18660611454920e-02
   1.01509956013782e-03   9.18000000000000e-02   1.10577294132660e-02
   3.15403197663107e-03   9.18000000000000e-02   3.43576468042600e-02
   3.90432759047513e-03   9.18000000000000e-02   4.25308016391626e-02
   3.98611952595281e-03   9.18000000000000e-02   4.34217813284619e-02
   4.93967296495615e-02   9.18000000000000e-02   5.38090736923328e-01
   3.54903384756093e-03   9.18000000000000e-02   3.86604994287683e-02
   2.33307454346879e-03   9.18000000000000e-02   2.54147553754770e-02
   2.66459039968495e-03   9.18000000000000e-02   2.90260392122543e-02
   1.59762692885725e-03   9.18000000000000e-02   1.74033434516040e-02
   2.14060611059941e-03   9.18000000000000e-02   2.33181493529347e-02
   1.53278894354095e-03   9.18000000000000e-02   1.66970473152609e-02
   6.71087874141748e-02   9.18000000000000e-02   7.31032542638070e-01
   1.40183395970396e-03   9.18000000000000e-02   1.52705224368623e-02
   4.11344289893409e-02   9.18000000000000e-02   4.48087461757526e-01
   2.62514573830482e-03   9.18000000000000e-02   2.85963588050634e-02
   4.83909890750164e-03   9.18000000000000e-02   5.27134957244188e-02
   1.79929102653591e-03   9.18000000000000e-02   1.96001201147702e-02
   1.37833405977039e-03   9.18000000000000e-02   1.50145322415075e-02
   1.60938447552986e-03   9.18000000000000e-02   1.75314213020682e-02
   4.87496141890558e-02   9.18000000000000e-02   5.31041548900390e-01
   3.93188934573013e-02   9.18000000000000e-02   4.28310386245112e-01
   2.59661528913134e-03   9.18000000000000e-02   2.82855695983806e-02
   5.95625118673516e-02   9.18000000000000e-02   6.48829105308841e-01
   3.34347565347864e-03   9.18000000000000e-02   3.64213034148001e-02
   3.25280891705639e-02   9.18000000000000e-02   3.54336483339476e-01
   6.76007177541613e-02   9.18000000000000e-02   7.36391260938577e-01
   7.40362584013587e-02   9.18000000000000e-02   8.06495189557284e-01
   4.64374092956885e-02   9.18000000000000e-02   5.05854131761313e-01
   1.01803159464563e-02   9.18000000000000e-02   1.10896687869894e-01
   1.72575183575523e-03   9.18000000000000e-02   1.87990396051768e-02
   2.95352987761612e-02   9.18000000000000e-02   3.21735280786070e-01
   1.19728617405500e-03   9.18000000000000e-02   1.30423330507080e-02
   3.34688491870545e-03   9.18000000000000e-02   3.64584413802337e-02
   3.67223430038162e-03   9.18000000000000e-02   4.00025522917388e-02
   4.15645867106139e-03   9.18000000000000e-02   4.52773275714748e-02
   2.11969484583215e-03   9.18000000000000e-02   2.30903577977358e-02
   4.84340743858428e-02   9.18000000000000e-02   5.27604296142078e-01
   7.99446601957887e-03   9.18000000000000e-02   8.70856864877873e-02
   6.41615892054152e-02   9.18000000000000e-02   6.98927986987094e-01
   2.56824262219860e-03   9.18000000000000e-02   2.79764991524902e-02
   2.25185057256197e-03   9.18000000000000e-02   2.45299626640737e-02
   4.03613536180546e-02   9.18000000000000e-02   4.39666161416717e-01
   3.11723124304294e-03   9.18000000000000e-02   3.39567673534090e-02
   2.64884699957962e-03   9.18000000000000e-02   2.88545424790809e-02
   5.98386839118596e-02   9.18000000000000e-02   6.51837515379734e-01
   2.64755665272269e-03   9.18000000000000e-02   2.88404864131012e-02
   1.42043056531964e-02   9.18000000000000e-02   1.54730998400832e-01
   9.90036341423639e-04   9.18000000000000e-02   1.07847096015647e-02
   4.95574413046063e-03   9.18000000000000e-02   5.39841408546909e-02
   7.65109629753080e-02   9.18000000000000e-02   8.33452755722309e-01
   4.18951898629993e-02   9.18000000000000e-02   4.56374617244001e-01
   5.12675040542535e-02   9.18000000000000e-02   5.58469543074657e-01
   2.71824297162713e-02   9.18000000000000e-02   2.96104898870058e-01
   5.54855238381033e-02   9.18000000000000e-02   6.04417471003304e-01
   8.27749401852967e-02   9.18000000000000e-02   9.01687801582753e-01
   4.62217679241403e-03   9.18000000000000e-02   5.03505097212857e-02
   2.50829855832359e-03   9.18000000000000e-02   2.73235137072286e-02
   9.63225228766032e-04   9.18000000000000e-02   1.04926495508282e-02
   5.78952252611097e-02   9.18000000000000e-02   6.30666941842154e-01
   7.74935753049876e-02   9.18000000000000e-02   8.44156593736249e-01
   2.23478248485640e-02   9.18000000000000e-02   2.43440357827495e-01
   2.14324674890667e-03   9.18000000000000e-02   2.33469144761076e-02
   3.94449574764622e-03   9.18000000000000e-02   4.29683632641200e-02
   1.62250839380368e-03   9.18000000000000e-02   1.76743833747677e-02
   5.01605453538492e-02   9.18000000000000e-02   5.46411169431909e-01
   2.09263058557912e-03   9.18000000000000e-02   2.27955401479208e-02
   7.51494998635007e-02   9.18000000000000e-02   8.18622002870378e-01
   7.27016144411697e-02   9.18000000000000e-02   7.91956584326468e-01
   2.48824591933364e-02   9.18000000000000e-02   2.71050753740048e-01
   8.00107841380959e-04   9.18000000000000e-02   8.71577169260304e-03
   2.19981646122754e-03   9.18000000000000e-02   2.39631422791671e-02
   4.97098300929444e-02   9.18000000000000e-02   5.41501417134471e-01
   5.97726412031399e-03   9.18000000000000e-02   6.51118095894770e-02
   3.18802247548797e-03   9.18000000000000e-02   3.47279136763395e-02
   2.22327993000476e-03   9.18000000000000e-02   2.42187356209669e-02
   2.10245389212434e-03   9.18000000000000e-02   2.29025478444917e-02
   5.69528989004028e-02   9.18000000000000e-02   6.20401948806130e-01
   7.03585226035255e-02   9.18000000000000e-02   7.66432708099406e-01
   3.15060327806208e-03   9.18000000000000e-02   3.43202971466457e-02
   5.27596467495399e-02   9.18000000000000e-02   5.74723820801088e-01
   3.15119574964107e-03   9.18000000000000e-02   3.43267510854147e-02
   7.20385493258678e-02   9.18000000000000e-02   7.84733652787231e-01
   8.37877515155216e-03   9.18000000000000e-02   9.12720604744245e-02
   2.02566839480979e-03   9.18000000000000e-02   2.20661045186252e-02
   6.78750109596939e-02   9.18000000000000e-02   7.39379204353964e-01
   3.89319772742319e-03   9.18000000000000e-02   4.24095613009062e-02
   5.18586521824670e-03   9.18000000000000e-02   5.64909065168486e-02
   6.23409092563379e-02   9.18000000000000e-02   6.79094872073397e-01
   3.49092876209889e-03   9.18000000000000e-02   3.80275464280925e-02
   1.91568266731739e-02   9.18000000000000e-02   2.08680029119541e-01
   1.11639712261674e-02   9.18000000000000e-02   1.21611886995288e-01
   2.72681497108054e-03   9.18000000000000e-02   2.97038667873698e-02
   4.06599126129607e-02   9.18000000000000e-02   4.42918438049681e-01
   3.50702316539360e-03   9.18000000000000e-02   3.82028667254205e-02
   3.30669681327500e-04   9.18000000000000e-02   3.60206624539760e-03
   2.85600099411533e-03   9.18000000000000e-02   3.11111219402541e-02
   2.78752496181456e-03   9.18000000000000e-02   3.03651956624680e-02
   1.30112244863378e-03   9.18000000000000e-02   1.41734471528735e-02
   4.53449355793509e-03   9.18000000000000e-02   4.93953546616023e-02
   1.89458673106654e-03   9.18000000000000e-02   2.06381996848207e-02
   4.49039088815123e-03   9.18000000000000e-02   4.89149334221267e-02
   1.39208721504169e-03   9.18000000000000e-02   1.51643487477309e-02
   2.44794349816609e-03   9.18000000000000e-02   2.66660511782798e-02
   6.80178785338242e-04   9.18000000000000e-02   7.40935496011157e-03
   3.56630918982739e-03   9.18000000000000e-02   3.88486839850479e-02
   4.21833132364685e-03   9.18000000000000e-02   4.59513216083535e-02
   4.27905536769589e-03   9.18000000000000e-02   4.66128035696720e-02
   1.65586277141304e-03   9.18000000000000e-02   1.80377208214928e-02
  -1.80663699053493e-02   9.18000000000000e-02  -1.96801415090951e-01
  -2.87847831168767e-04   9.18000000000000e-02  -3.13559728942012e-03
   1.88193055189426e-03   9.18000000000000e-02   2.05003328093056e-02
   4.42779195378389e-03   9.18000000000000e-02   4.82330278189966e-02
   4.52329906453500e-03   9.18000000000000e-02   4.92734102890523e-02
   1.72116199622863e-03   9.18000000000000e-02   1.87490413532530e-02
   4.88138531716111e-02   9.18000000000000e-02   5.31741319952190e-01
   8.15521773603756e-02   9.18000000000000e-02   8.88367945102131e-01
