   4.38414573606352e+00
   4.04103373016546e+00
   4.11219726771248e+00
   4.24154487529080e+00
   4.04447093131814e+00
   4.11483138527657e+00
   4.23437020324098e+00
   4.04091860083877e+00
   4.04736847535934e+00
   4.49291511106964e+00
   4.28848267748683e+00
   4.04890040021855e+00
   4.04073712029115e+00
   4.44565629588254e+00
   4.03994520230587e+00
   4.04391459307079e+00
   4.19192371712579e+00
   4.04372916003637e+00
   4.04139187326693e+00
   4.19130747151748e+00
   4.04118366762616e+00
   4.20006621488754e+00
   4.31342979205887e+00
   4.30675342485457e+00
   4.05893413157306e+00
   4.55733925391659e+00
   4.62618681557687e+00
   4.04253435248504e+00
   4.60559808217249e+00
   4.56514632694533e+00
   4.44583411147587e+00
   4.04110900203222e+00
   4.09575348091573e+00
   4.18072485956827e+00
   4.24552861732154e+00
   4.12486582437956e+00
   4.38141103945603e+00
   4.17365375837679e+00
   4.49884183070142e+00
   4.07089642111567e+00
   4.16596674179846e+00
   4.58728789358321e+00
   4.04140147353547e+00
   4.10143965244866e+00
   4.04012374856586e+00
   4.15218808034050e+00
   4.04155974833357e+00
   4.04337517609541e+00
   4.13170965316437e+00
   4.03930433909454e+00
   4.10940845027806e+00
   4.03914687209613e+00
   4.35698548902729e+00
   4.20805563296399e+00
   4.04529162120078e+00
   4.04299826705047e+00
   4.10372744512432e+00
   4.20636869150849e+00
   4.04326774681616e+00
   4.04238894954287e+00
   4.04316790236791e+00
   4.04145165896314e+00
   4.04358730299944e+00
   4.29335819923120e+00
   4.03884342751938e+00
   4.04817822896748e+00
   4.23236269008002e+00
   4.04232747075755e+00
   4.03922682815625e+00
   4.62738064642924e+00
   4.58307032127643e+00
   4.26390200316270e+00
   4.33732705596427e+00
   4.50815616371273e+00
   4.04594250481640e+00
   4.53812056734746e+00
   4.19194841588733e+00
   4.04041688630086e+00
   4.04170821667672e+00
   4.04630544789373e+00
   4.48834377929025e+00
   4.04180749801995e+00
   4.04386470782462e+00
   4.29731279811904e+00
   4.40123353886648e+00
   4.19518704485558e+00
   4.17149046539313e+00
   4.43365181186494e+00
   4.04202914375511e+00
   4.62893877361724e+00
   4.13696984588726e+00
   4.39873719336131e+00
   4.36067222992691e+00
   4.52672552008387e+00
   4.37256382216503e+00
   4.04094046476418e+00
   4.06333526027564e+00
   4.04194904774745e+00
   4.30685008051596e+00
   4.60532225872877e+00
   4.50036010533187e+00
   4.61122384802474e+00
   4.28668627512626e+00
   4.04254618487033e+00
   4.04301655292228e+00
   4.30793879232095e+00
   4.03903329194577e+00
   4.57998752469748e+00
   4.04339759547355e+00
   4.04158521393490e+00
   4.03937746597487e+00
   4.04162848774909e+00
   4.04817140790605e+00
   4.61591750317202e+00
   4.04369442285375e+00
   4.14503098840426e+00
   4.65728860440148e+00
   4.29457859231094e+00
   4.23112296226996e+00
   4.12732134740196e+00
   4.04203668655438e+00
   4.04702515785269e+00
   4.04041611256438e+00
   4.36397362340663e+00
   4.36626963943292e+00
   4.04401364941791e+00
   4.52720769269435e+00
   4.64613189243891e+00
   4.04100130640347e+00
   4.06615285697738e+00
   4.04699734377375e+00
   4.60065449356618e+00
   4.20804932554615e+00
   4.03923905453092e+00
   4.04231761998054e+00
   4.04114521559504e+00
   4.04401436006211e+00
   4.04094711498875e+00
   4.04015245741905e+00
   4.39059173924137e+00
   4.32518065297548e+00
   4.09280257062365e+00
   4.04153145745388e+00
   4.04052243057628e+00
   4.04327141799369e+00
   4.62978686694429e+00
   4.42013946692478e+00
   4.44135004244387e+00
   4.04244858755610e+00
   4.44410037710843e+00
   4.04141392967547e+00
   4.03903843020940e+00
   4.04198389385121e+00
   4.24946064085352e+00
   4.50076386872785e+00
   4.04203925518082e+00
   4.06338178522540e+00
   4.22226681486884e+00
   4.60446288309193e+00
   4.44450525050886e+00
   4.04105719368112e+00
   4.04102520630395e+00
   4.17094044429235e+00
   4.04187416231097e+00
   4.15352281170387e+00
   4.04087260706022e+00
   4.04639721861053e+00
   4.47690092017387e+00
   4.04013900364736e+00
   4.23428639442691e+00
   4.08320755653940e+00
   4.03831748918482e+00
   4.16546420351975e+00
   4.04410134302450e+00
   4.04615640789335e+00
   4.11355174562742e+00
   4.04283531898468e+00
   4.19894001561786e+00
   4.20553254822897e+00
   4.17786560568592e+00
   4.54578789879654e+00
   4.44451386006921e+00
   4.53807405387832e+00
   4.13503923484608e+00
   4.40093655365913e+00
   4.61687016452328e+00
   4.08995662041857e+00
   4.48969977379176e+00
   4.05393276385417e+00
   4.64923791772681e+00
   4.38759034719926e+00
   4.50663028795698e+00
   4.25490389652441e+00
   4.31933241576669e+00
   4.54679576072306e+00
   4.14294348130026e+00
   4.52776656143102e+00
   4.60545243250302e+00
   4.04234550206608e+00
   4.04006674105609e+00
