   6.80499043061050e+01
   3.86238915060928e+01
   8.73273810109855e+01
   6.62635899469654e+01
   3.15986180080910e+01
   6.05349771241685e+01
   4.11572814813859e+01
   1.88039308560643e+01
   7.41224275833849e+01
   4.21824161096561e+01
   7.05302149753399e+01
   4.08993544235738e+01
   4.39558413164709e+01
   5.38954604747789e+01
   6.20228842933815e+01
   4.69588114189094e+01
   7.78454487351725e+01
   6.09850880258683e+01
   4.03927537989951e+01
   7.63221486583026e+01
   2.80623197770208e+01
   2.12398363956682e+01
   6.80347930030351e+01
   6.48020459037136e+01
   4.95338068278489e+01
   3.73303503323417e+01
   9.91327850053004e+00
   6.07870821963629e+01
   2.76857066325536e+01
   4.16091311458277e+01
   5.44237573674231e+01
   6.37591786318767e+01
   8.62253605480412e+01
   6.01689666730274e+01
   6.79263383345067e+01
   6.94758112048971e+01
   6.59123626402560e+01
   6.17145001145221e+01
   4.22476409299678e+01
   7.15640246341150e+01
   6.80969004114710e+01
   3.87797779272818e+01
   5.04825884215381e+01
   5.33997391095533e+00
   7.02119689207871e+01
   8.97243861352104e+01
   3.48387012184791e+01
   6.77070204445122e+01
   5.72587147046129e+01
   5.84482166054418e+01
   5.88563174841033e+01
   8.89977490631959e+01
   6.81088493904411e+01
   7.87331629843320e+01
   3.68440390699223e+01
   1.31925144979448e+01
   6.06107853663138e+01
   6.47371700562355e+01
   9.76721600202521e+00
   2.79456971123878e+01
   3.68553834658718e+01
   3.26086939994285e+01
   6.27317151917969e+01
   6.46933145124171e+01
   4.00524344448815e+01
   6.64346503509940e+01
   6.57653992306803e+01
   4.23356047503932e+01
   4.67070189480768e+01
   1.31372160666879e+01
   3.65600574583615e+01
   3.36266742814059e+01
   7.44618793101610e+01
   4.00119726738069e+01
   6.99944310879646e+01
   4.59283020862572e+01
   7.41129861711759e+01
   5.33441968772765e+01
   4.08515725610409e+01
   3.27248883813887e+01
   5.28898945187135e+01
   8.47834314028339e+01
   6.06021651512666e+01
   6.53686613098193e+01
   6.16351792229813e+01
   7.44567786497007e+01
   5.88719185495513e+01
   5.42019493146620e+01
   4.99839384943308e+01
   2.80445522572783e+01
   5.16603113704441e+01
   6.61774988853235e+01
   6.51643004209298e+01
   4.45238918769233e+01
   6.79540108573279e+01
   4.45381017013042e+01
   6.71008700074797e+01
   3.12086639271232e+01
   8.39829220934182e+01
   2.95422619599487e+01
   4.40724930065655e+01
   1.71867137545563e+01
   4.43717999404130e+01
   1.47089401014494e+01
   1.91592502657170e+01
   7.78892245248113e+01
   3.70378090355549e+01
   3.11802886658521e+01
   5.63685335900337e+01
   6.95499925934300e+01
   4.78418384741628e+01
   1.34703949643467e+01
   6.99433914718291e+01
   1.75349831871849e+01
   3.54337701637733e+01
   7.84797091162595e+01
   1.31058444940734e+01
   6.93998673199499e+01
   6.42041094119153e+01
   8.54840192538458e+01
   5.68939834258852e+01
   6.26205607030319e+01
   3.42062465958547e+01
   6.57215438658745e+01
   6.39464041365317e+01
   2.80231348470524e+01
   3.60611160971874e+01
   6.22124403735659e+00
   2.98907001129759e+01
   4.20612205397598e+01
   7.09373465881191e+01
   2.00567491217617e+01
   6.29229242876873e+01
   3.12555132092330e+01
   7.70445439641016e+00
   1.45385191320434e+01
   3.80688093199713e+01
   1.46363570697201e+01
   4.18692179642457e+01
   6.51331119707096e+01
   6.74703074669917e+01
   7.51764875421181e+01
   3.63822704123711e+01
   5.30311581382709e+01
   6.84242362517614e+01
   1.40412261995324e+01
   5.52351272329300e+01
   5.40495828437642e+01
   4.93112888707895e+01
   5.70734921020201e+01
   5.82254289059278e+01
   7.84425809862261e+01
   6.21787892724747e+01
   6.54053472133730e+01
   4.93028379865440e+01
   1.80013992445489e+01
   4.79806306106395e+01
   6.57098625954216e+01
   2.93020512382491e+01
   5.24746612244669e+01
   2.03452377165532e+01
   3.66215847259746e+01
   6.80759282702888e+01
   2.18391496232890e+01
   5.68426307499438e+01
   4.26950758455387e+01
   6.11002214019879e+01
   4.31234954063993e+01
   4.78623411560142e+01
   6.63351071048766e+01
   5.36093348622992e+01
   5.45756272269321e+01
   7.60909452712496e+01
   7.45607751805314e+01
   5.67988373119810e+01
   7.87902415047801e+01
   4.53979215281257e+01
   7.10977661944229e+01
   7.54990787791735e+01
   6.94695167501811e+01
   4.20275559936865e+01
   5.14868167488182e+01
   4.06218797887446e+01
   6.33591028659910e+01
   6.43023960809325e+01
   1.44613430012089e+01
   4.48120436316585e+01
   4.93652915430602e+01
   5.16325586848827e+01
   2.37362735445122e+01
   6.28966787555735e+01
   4.93685889211449e+01
   8.33838070094015e+01
   6.37978719402981e+01
   3.48342430345739e+01
   4.97094090990529e+01
   4.23419894533331e+01
   2.90016961407966e+01
   7.04540379229510e+01
   4.64656808693145e+01
