   3.36144771481000e+02
   3.32723290803000e+02
   7.38159978839000e+02
   3.27367096077000e+02
   2.41485303572000e+02
   3.08552664163000e+02
   4.90949999242000e+02
   7.93635560242000e+02
   4.50887114719000e+02
   2.36336503240000e+02
   3.82445648954000e+02
   2.45695337624000e+02
   3.79830670403000e+02
   2.65275959177000e+02
   4.58452102517000e+02
   2.83970431915000e+02
   5.04250680000000e+02
   3.38132105251000e+02
   2.83114158137000e+02
   6.66001954396000e+02
   3.42898057805000e+02
   6.04243003163000e+02
   3.53159158496000e+02
   3.22386461170000e+02
   2.63070171000000e+02
   2.26955367423000e+02
   2.03857214720000e+02
   4.01645340769000e+02
   2.15360020684000e+02
   2.38258883454000e+02
   2.67529655724000e+02
   3.99588980744000e+02
   7.67288336001000e+02
   3.00031441648000e+02
   3.50928004278000e+02
   3.71031155211000e+02
   3.38585550046000e+02
   3.12242104675000e+02
   2.35458403797000e+02
   3.98358116556000e+02
   6.37843232768000e+02
   2.28518792038000e+02
   3.44271676072000e+02
   6.24097954091000e+02
   5.44238061573000e+02
   7.72644608528000e+02
   2.94201558724000e+02
   4.08574342955000e+02
   2.91357402194000e+02
   7.91811340027000e+02
   2.91939958529000e+02
   7.82323664159000e+02
   3.53102289428000e+02
   5.24780810438000e+02
   2.50363374236000e+02
   2.47866320709000e+02
   3.03483571255000e+02
   3.28853973781000e+02
   2.56537287088000e+02
   2.47390369769000e+02
   2.55712431272000e+02
   2.62868783711000e+02
   3.41260268783000e+02
   3.19454477251000e+02
   7.83082903186000e+02
   3.56375604755000e+02
   3.32688348280000e+02
   3.06579851146000e+02
   7.88255433528000e+02
   2.06585874361000e+02
   2.27999647812000e+02
   7.87757180399000e+02
   4.28443425381000e+02
   2.31179171190000e+02
   3.87284955922000e+02
   2.44853361890000e+02
   4.29494744263000e+02
   4.83659249950000e+02
   2.87871629623000e+02
   2.38547659939000e+02
   2.62852080763000e+02
   7.72120129763000e+02
   3.18568431263000e+02
   3.27535943527000e+02
   3.02849861199000e+02
   4.37370856963000e+02
   2.94238604397000e+02
   2.69195541098000e+02
   3.21308793389000e+02
   2.18651176671000e+02
   2.70134296058000e+02
   3.35966403677000e+02
   3.32124946902000e+02
   2.43372878208000e+02
   3.49238676008000e+02
   3.52695637813000e+02
   3.46812582883000e+02
   2.61019363633000e+02
   7.47907864647000e+02
   2.17759368122000e+02
   2.43101260960000e+02
   2.09766856307000e+02
   7.86191180694000e+02
   2.60865214600000e+02
   2.49993158212000e+02
   5.00971277810000e+02
   3.07072452304000e+02
   2.17111316681000e+02
   3.14685741783000e+02
   5.51569206340000e+02
   4.03110760648000e+02
   2.51385756895000e+02
   3.85246580164000e+02
   2.08188499084000e+02
   2.53268100029000e+02
   5.17417144149000e+02
   2.06913384344000e+02
   3.65775311882000e+02
   3.25449851827000e+02
   7.55825044297000e+02
   3.46237434084000e+02
   3.17310328554000e+02
   3.09096512534000e+02
   3.31774599734000e+02
   3.19646648834000e+02
   2.57429156249000e+02
   2.27444938954000e+02
   2.02758200837000e+02
   2.93052175206000e+02
   2.43598584521000e+02
   4.06491608256000e+02
   2.07760701670000e+02
   3.19096013113000e+02
   7.91056868602000e+02
   2.44675594667000e+02
   2.61214134770000e+02
   2.56408938688000e+02
   2.67360104098000e+02
   4.69753254729000e+02
   3.27024421700000e+02
   3.43027716384000e+02
   4.44495985800000e+02
   2.98025953132000e+02
   4.61103185508000e+02
   3.86789727789000e+02
   2.03913628035000e+02
   2.73667923921000e+02
   2.68260965426000e+02
   3.18247460816000e+02
   2.77539227907000e+02
   7.92321908372000e+02
   7.93715710921000e+02
   3.40982551635000e+02
   3.27566044827000e+02
   2.50688242064000e+02
   2.56861402844000e+02
   2.58382102055000e+02
   3.32375241859000e+02
   2.15594429277000e+02
   2.62630367953000e+02
   2.71039860617000e+02
   3.37662672110000e+02
   3.49276484804000e+02
   2.64846691288000e+02
   2.82601012118000e+02
   3.67783524435000e+02
   3.13573299452000e+02
   2.36887445470000e+02
   3.67943292063000e+02
   3.38842144645000e+02
   2.74973970720000e+02
   7.94999109682000e+02
   4.62401102852000e+02
   4.64031869862000e+02
   2.92630108198000e+02
   5.34439948825000e+02
   2.92769454319000e+02
   7.48690707682000e+02
   4.56403999382000e+02
   3.69491368230000e+02
   2.36544149156000e+02
   2.63297572495000e+02
   2.35464981522000e+02
   3.19449633670000e+02
   3.21021128544000e+02
   2.06675952982000e+02
   2.50659692340000e+02
   2.52767052966000e+02
   2.71274611451000e+02
   2.11636222919000e+02
   3.13048924361000e+02
   2.52120534366000e+02
   7.69061276519000e+02
   3.19907107561000e+02
   2.23856464472000e+02
   4.89536463074000e+02
   2.38937186323000e+02
   2.14497279884000e+02
   4.20883176359000e+02
   4.15893852640000e+02
