   2.00000000000000e+00
   3.00000000000000e+00
   4.00000000000000e+00
   6.00000000000000e+00
   8.00000000000000e+00
   1.00000000000000e+01
   1.20000000000000e+01
   1.40000000000000e+01
   1.60000000000000e+01
   1.80000000000000e+01
   2.00000000000000e+01
   2.20000000000000e+01
   2.40000000000000e+01
   2.60000000000000e+01
   2.80000000000000e+01
   3.00000000000000e+01
   3.20000000000000e+01
   3.40000000000000e+01
   3.60000000000000e+01
   3.80000000000000e+01
   4.00000000000000e+01
   4.20000000000000e+01
   4.40000000000000e+01
   4.60000000000000e+01
   4.80000000000000e+01
   5.00000000000000e+01
   5.20000000000000e+01
   5.40000000000000e+01
   5.60000000000000e+01
   5.80000000000000e+01
   6.00000000000000e+01
   6.20000000000000e+01
   6.40000000000000e+01
   6.60000000000000e+01
   6.80000000000000e+01
   7.00000000000000e+01
   7.20000000000000e+01
   7.40000000000000e+01
   7.60000000000000e+01
   7.80000000000000e+01
   8.00000000000000e+01
   8.20000000000000e+01
   8.40000000000000e+01
   8.60000000000000e+01
   8.80000000000000e+01
   9.00000000000000e+01
   9.20000000000000e+01
   9.40000000000000e+01
   9.60000000000000e+01
   9.80000000000000e+01
   1.00000000000000e+02
   1.02000000000000e+02
   1.04000000000000e+02
   1.06000000000000e+02
   1.08000000000000e+02
   1.10000000000000e+02
   1.12000000000000e+02
   1.14000000000000e+02
   1.16000000000000e+02
   1.18000000000000e+02
   1.20000000000000e+02
   1.22000000000000e+02
   1.24000000000000e+02
   1.26000000000000e+02
   1.28000000000000e+02
   1.30000000000000e+02
   1.32000000000000e+02
   1.34000000000000e+02
   1.36000000000000e+02
   1.38000000000000e+02
   1.40000000000000e+02
   1.42000000000000e+02
   1.44000000000000e+02
   1.46000000000000e+02
   1.48000000000000e+02
   1.50000000000000e+02
   1.52000000000000e+02
   1.54000000000000e+02
   1.56000000000000e+02
   1.58000000000000e+02
   1.60000000000000e+02
   1.62000000000000e+02
   1.64000000000000e+02
   1.66000000000000e+02
   1.68000000000000e+02
   1.70000000000000e+02
   1.72000000000000e+02
   1.74000000000000e+02
   1.76000000000000e+02
   1.78000000000000e+02
   1.80000000000000e+02
   1.82000000000000e+02
   1.84000000000000e+02
   1.86000000000000e+02
   1.88000000000000e+02
   1.90000000000000e+02
   1.92000000000000e+02
   1.94000000000000e+02
   1.96000000000000e+02
   1.98000000000000e+02
   2.00000000000000e+02
   2.02000000000000e+02
   2.04000000000000e+02
   2.06000000000000e+02
   2.08000000000000e+02
   2.10000000000000e+02
   2.12000000000000e+02
   2.14000000000000e+02
   2.16000000000000e+02
   2.18000000000000e+02
   2.20000000000000e+02
   2.22000000000000e+02
   2.24000000000000e+02
   2.26000000000000e+02
   2.28000000000000e+02
   2.30000000000000e+02
   2.32000000000000e+02
   2.34000000000000e+02
   2.36000000000000e+02
   2.38000000000000e+02
   2.40000000000000e+02
   2.42000000000000e+02
   2.44000000000000e+02
   2.46000000000000e+02
   2.48000000000000e+02
   2.50000000000000e+02
   2.52000000000000e+02
   2.54000000000000e+02
   2.56000000000000e+02
   2.58000000000000e+02
   2.60000000000000e+02
   2.62000000000000e+02
   2.64000000000000e+02
   2.66000000000000e+02
   2.68000000000000e+02
   2.70000000000000e+02
   2.72000000000000e+02
   2.74000000000000e+02
   2.76000000000000e+02
   2.78000000000000e+02
   2.80000000000000e+02
   2.82000000000000e+02
   2.84000000000000e+02
   2.86000000000000e+02
   2.88000000000000e+02
   2.90000000000000e+02
   2.92000000000000e+02
   2.94000000000000e+02
   2.96000000000000e+02
   2.98000000000000e+02
   3.00000000000000e+02
   3.02000000000000e+02
   3.04000000000000e+02
   3.06000000000000e+02
   3.08000000000000e+02
   3.10000000000000e+02
   3.12000000000000e+02
   3.14000000000000e+02
   3.16000000000000e+02
   3.18000000000000e+02
   3.20000000000000e+02
   3.22000000000000e+02
   3.24000000000000e+02
   3.26000000000000e+02
   3.28000000000000e+02
   3.30000000000000e+02
   3.32000000000000e+02
   3.34000000000000e+02
   3.36000000000000e+02
   3.38000000000000e+02
   3.40000000000000e+02
   3.42000000000000e+02
   3.44000000000000e+02
   3.46000000000000e+02
   3.48000000000000e+02
   3.50000000000000e+02
   3.52000000000000e+02
   3.54000000000000e+02
   3.56000000000000e+02
   3.58000000000000e+02
   3.60000000000000e+02
   3.62000000000000e+02
   3.64000000000000e+02
   3.66000000000000e+02
   3.68000000000000e+02
   3.70000000000000e+02
   3.72000000000000e+02
   3.74000000000000e+02
   3.76000000000000e+02
   3.78000000000000e+02
   3.80000000000000e+02
   3.82000000000000e+02
   3.84000000000000e+02
   3.86000000000000e+02
   3.88000000000000e+02
   3.90000000000000e+02
   3.92000000000000e+02
   3.94000000000000e+02
   3.96000000000000e+02
   3.98000000000000e+02
   4.00000000000000e+02
   4.02000000000000e+02
   4.04000000000000e+02
   4.06000000000000e+02
   4.08000000000000e+02
   4.10000000000000e+02
   4.12000000000000e+02
   4.14000000000000e+02
   4.16000000000000e+02
   4.18000000000000e+02
   4.20000000000000e+02
   4.22000000000000e+02
   4.24000000000000e+02
   4.26000000000000e+02
   4.28000000000000e+02
   4.30000000000000e+02
   4.32000000000000e+02
   4.34000000000000e+02
   4.36000000000000e+02
   4.38000000000000e+02
   4.40000000000000e+02
   4.42000000000000e+02
   4.44000000000000e+02
   4.46000000000000e+02
   4.48000000000000e+02
   4.50000000000000e+02
   4.52000000000000e+02
   4.54000000000000e+02
   4.56000000000000e+02
   4.58000000000000e+02
   4.60000000000000e+02
   4.62000000000000e+02
   4.64000000000000e+02
   4.66000000000000e+02
   4.68000000000000e+02
   4.70000000000000e+02
   4.72000000000000e+02
   4.74000000000000e+02
   4.76000000000000e+02
   4.78000000000000e+02
   4.80000000000000e+02
   4.82000000000000e+02
   4.84000000000000e+02
   4.86000000000000e+02
   4.88000000000000e+02
   4.90000000000000e+02
   4.92000000000000e+02
   4.94000000000000e+02
   4.96000000000000e+02
   4.98000000000000e+02
   5.00000000000000e+02
   5.02000000000000e+02
   5.04000000000000e+02
   5.06000000000000e+02
   5.08000000000000e+02
   5.10000000000000e+02
   5.12000000000000e+02
   5.14000000000000e+02
   5.16000000000000e+02
   5.18000000000000e+02
   5.20000000000000e+02
   5.22000000000000e+02
   5.24000000000000e+02
   5.26000000000000e+02
   5.28000000000000e+02
   5.30000000000000e+02
   5.32000000000000e+02
   5.34000000000000e+02
   5.36000000000000e+02
   5.38000000000000e+02
   5.40000000000000e+02
   5.42000000000000e+02
   5.44000000000000e+02
   5.46000000000000e+02
   5.48000000000000e+02
   5.50000000000000e+02
   5.52000000000000e+02
   5.54000000000000e+02
   5.56000000000000e+02
   5.58000000000000e+02
   5.60000000000000e+02
   5.62000000000000e+02
   5.64000000000000e+02
   5.66000000000000e+02
   5.68000000000000e+02
   5.70000000000000e+02
   5.72000000000000e+02
   5.74000000000000e+02
   5.76000000000000e+02
   5.78000000000000e+02
   5.80000000000000e+02
   5.82000000000000e+02
   5.84000000000000e+02
   5.86000000000000e+02
   5.88000000000000e+02
   5.90000000000000e+02
   5.92000000000000e+02
   5.94000000000000e+02
   5.96000000000000e+02
   5.98000000000000e+02
   6.00000000000000e+02
   6.02000000000000e+02
   6.04000000000000e+02
   6.06000000000000e+02
   6.08000000000000e+02
   6.10000000000000e+02
   6.12000000000000e+02
   6.14000000000000e+02
   6.16000000000000e+02
   6.18000000000000e+02
   6.20000000000000e+02
   6.22000000000000e+02
   6.24000000000000e+02
   6.26000000000000e+02
   6.28000000000000e+02
   6.30000000000000e+02
   6.32000000000000e+02
   6.34000000000000e+02
   6.36000000000000e+02
   6.38000000000000e+02
   6.40000000000000e+02
   6.42000000000000e+02
   6.44000000000000e+02
   6.46000000000000e+02
   6.48000000000000e+02
   6.50000000000000e+02
   6.52000000000000e+02
   6.54000000000000e+02
   6.56000000000000e+02
   6.58000000000000e+02
   6.60000000000000e+02
   6.62000000000000e+02
   6.64000000000000e+02
   6.66000000000000e+02
   6.68000000000000e+02
   6.70000000000000e+02
   6.72000000000000e+02
   6.74000000000000e+02
   6.76000000000000e+02
   6.78000000000000e+02
   6.80000000000000e+02
   6.82000000000000e+02
   6.84000000000000e+02
   6.86000000000000e+02
   6.88000000000000e+02
   6.90000000000000e+02
   6.92000000000000e+02
   6.94000000000000e+02
   6.96000000000000e+02
   6.98000000000000e+02
   7.00000000000000e+02
   7.02000000000000e+02
   7.04000000000000e+02
   7.06000000000000e+02
   7.08000000000000e+02
   7.10000000000000e+02
   7.12000000000000e+02
   7.14000000000000e+02
   7.16000000000000e+02
   7.18000000000000e+02
   7.20000000000000e+02
   7.22000000000000e+02
   7.24000000000000e+02
   7.26000000000000e+02
   7.28000000000000e+02
   7.30000000000000e+02
   7.32000000000000e+02
   7.34000000000000e+02
   7.36000000000000e+02
   7.38000000000000e+02
   7.40000000000000e+02
   7.42000000000000e+02
   7.44000000000000e+02
   7.46000000000000e+02
   7.48000000000000e+02
   7.50000000000000e+02
   7.52000000000000e+02
   7.54000000000000e+02
   7.56000000000000e+02
   7.58000000000000e+02
   7.60000000000000e+02
   7.62000000000000e+02
   7.64000000000000e+02
   7.66000000000000e+02
   7.68000000000000e+02
   7.70000000000000e+02
   7.72000000000000e+02
   7.74000000000000e+02
   7.76000000000000e+02
   7.78000000000000e+02
   7.80000000000000e+02
   7.82000000000000e+02
   7.84000000000000e+02
   7.86000000000000e+02
   7.88000000000000e+02
   7.90000000000000e+02
   7.92000000000000e+02
   7.94000000000000e+02
   7.96000000000000e+02
   7.98000000000000e+02
   8.00000000000000e+02
   8.02000000000000e+02
   8.04000000000000e+02
   8.06000000000000e+02
   8.08000000000000e+02
   8.10000000000000e+02
   8.12000000000000e+02
   8.14000000000000e+02
   8.16000000000000e+02
   8.18000000000000e+02
   8.20000000000000e+02
   8.22000000000000e+02
   8.24000000000000e+02
   8.26000000000000e+02
   8.28000000000000e+02
   8.30000000000000e+02
   8.32000000000000e+02
   8.34000000000000e+02
   8.36000000000000e+02
   8.38000000000000e+02
   8.40000000000000e+02
   8.42000000000000e+02
   8.44000000000000e+02
   8.46000000000000e+02
   8.48000000000000e+02
   8.50000000000000e+02
   8.52000000000000e+02
   8.54000000000000e+02
   8.56000000000000e+02
   8.58000000000000e+02
   8.60000000000000e+02
   8.62000000000000e+02
   8.64000000000000e+02
   8.66000000000000e+02
   8.68000000000000e+02
   8.70000000000000e+02
   8.72000000000000e+02
   8.74000000000000e+02
   8.76000000000000e+02
   8.78000000000000e+02
   8.80000000000000e+02
   8.82000000000000e+02
   8.84000000000000e+02
   8.86000000000000e+02
   8.88000000000000e+02
   8.90000000000000e+02
   8.92000000000000e+02
   8.94000000000000e+02
   8.96000000000000e+02
   8.96500000000000e+02
   8.97000000000000e+02
   8.97500000000000e+02
   8.98000000000000e+02
   8.98500000000000e+02
   8.99000000000000e+02
   8.99500000000000e+02
   9.00000000000000e+02
   9.00500000000000e+02
   9.01000000000000e+02
   9.01500000000000e+02
   9.02000000000000e+02
   9.02500000000000e+02
   9.03000000000000e+02
   9.03500000000000e+02
   9.04000000000000e+02
   9.04500000000000e+02
   9.05000000000000e+02
   9.05500000000000e+02
   9.06000000000000e+02
   9.06500000000000e+02
   9.07000000000000e+02
   9.07500000000000e+02
   9.08000000000000e+02
   9.08500000000000e+02
   9.09000000000000e+02
   9.09500000000000e+02
   9.10000000000000e+02
   9.10500000000000e+02
   9.11000000000000e+02
   9.11500000000000e+02
   9.12000000000000e+02
   9.12500000000000e+02
   9.13000000000000e+02
   9.13500000000000e+02
   9.14000000000000e+02
   9.14500000000000e+02
   9.15000000000000e+02
   9.15500000000000e+02
   9.16000000000000e+02
   9.16500000000000e+02
   9.17000000000000e+02
   9.17500000000000e+02
   9.18000000000000e+02
   9.18500000000000e+02
   9.19000000000000e+02
   9.19500000000000e+02
   9.20000000000000e+02
   9.20500000000000e+02
   9.21000000000000e+02
   9.21500000000000e+02
   9.22000000000000e+02
   9.22500000000000e+02
   9.23000000000000e+02
   9.23500000000000e+02
   9.24000000000000e+02
   9.24500000000000e+02
   9.25000000000000e+02
   9.25500000000000e+02
   9.26000000000000e+02
   9.26500000000000e+02
   9.27000000000000e+02
   9.27500000000000e+02
   9.28000000000000e+02
   9.28500000000000e+02
   9.29000000000000e+02
   9.29500000000000e+02
   9.30000000000000e+02
   9.30500000000000e+02
   9.31000000000000e+02
   9.31500000000000e+02
   9.32000000000000e+02
   9.32500000000000e+02
   9.33000000000000e+02
   9.33500000000000e+02
   9.34000000000000e+02
   9.34500000000000e+02
   9.35000000000000e+02
   9.35500000000000e+02
   9.36000000000000e+02
   9.36500000000000e+02
   9.37000000000000e+02
   9.37500000000000e+02
   9.38000000000000e+02
   9.38500000000000e+02
   9.39000000000000e+02
   9.39500000000000e+02
   9.40000000000000e+02
   9.40500000000000e+02
   9.41000000000000e+02
   9.41500000000000e+02
   9.42000000000000e+02
   9.42500000000000e+02
   9.43000000000000e+02
   9.43500000000000e+02
   9.44000000000000e+02
   9.44500000000000e+02
   9.45000000000000e+02
   9.45500000000000e+02
   9.46000000000000e+02
   9.46500000000000e+02
   9.47000000000000e+02
   9.47500000000000e+02
   9.48000000000000e+02
   9.48500000000000e+02
   9.49000000000000e+02
   9.49500000000000e+02
   9.50000000000000e+02
   9.50500000000000e+02
   9.51000000000000e+02
   9.51500000000000e+02
   9.52000000000000e+02
   9.52500000000000e+02
   9.53000000000000e+02
   9.53500000000000e+02
   9.54000000000000e+02
   9.54500000000000e+02
   9.55000000000000e+02
   9.55500000000000e+02
   9.56000000000000e+02
   9.56500000000000e+02
   9.57000000000000e+02
   9.57500000000000e+02
   9.58000000000000e+02
   9.58500000000000e+02
   9.59000000000000e+02
   9.59500000000000e+02
   9.60000000000000e+02
   9.60500000000000e+02
   9.61000000000000e+02
   9.61500000000000e+02
   9.62000000000000e+02
   9.62500000000000e+02
   9.63000000000000e+02
   9.63500000000000e+02
   9.64000000000000e+02
   9.64500000000000e+02
   9.65000000000000e+02
   9.65500000000000e+02
   9.66000000000000e+02
   9.66500000000000e+02
   9.67000000000000e+02
   9.67500000000000e+02
   9.68000000000000e+02
   9.68500000000000e+02
   9.69000000000000e+02
   9.69500000000000e+02
   9.70000000000000e+02
   9.70500000000000e+02
   9.71000000000000e+02
   9.71500000000000e+02
   9.72000000000000e+02
   9.72500000000000e+02
   9.73000000000000e+02
   9.73500000000000e+02
   9.74000000000000e+02
   9.74500000000000e+02
   9.75000000000000e+02
   9.75500000000000e+02
   9.76000000000000e+02
   9.76500000000000e+02
   9.77000000000000e+02
   9.77500000000000e+02
   9.78000000000000e+02
   9.78500000000000e+02
   9.79000000000000e+02
   9.79500000000000e+02
   9.80000000000000e+02
   9.80500000000000e+02
   9.81000000000000e+02
   9.81500000000000e+02
   9.82000000000000e+02
   9.82500000000000e+02
   9.83000000000000e+02
   9.83500000000000e+02
   9.84000000000000e+02
   9.84500000000000e+02
   9.85000000000000e+02
   9.85500000000000e+02
   9.86000000000000e+02
   9.86500000000000e+02
   9.87000000000000e+02
   9.87500000000000e+02
   9.88000000000000e+02
   9.88500000000000e+02
   9.89000000000000e+02
   9.89500000000000e+02
   9.90000000000000e+02
   9.90500000000000e+02
   9.91000000000000e+02
   9.91500000000000e+02
   9.92000000000000e+02
   9.92500000000000e+02
   9.93000000000000e+02
   9.93500000000000e+02
   9.94000000000000e+02
   9.94500000000000e+02
   9.95000000000000e+02
   9.95500000000000e+02
   9.96000000000000e+02
   9.96500000000000e+02
   9.97000000000000e+02
   9.97500000000000e+02
   9.98000000000000e+02
   9.98500000000000e+02
   9.99000000000000e+02
   9.99500000000000e+02
   1.00000000000000e+03
   1.00050000000000e+03
   1.00100000000000e+03
   1.00150000000000e+03
   1.00200000000000e+03
   1.00250000000000e+03
   1.00300000000000e+03
   1.00350000000000e+03
   1.00400000000000e+03
   1.00450000000000e+03
   1.00500000000000e+03
   1.00550000000000e+03
   1.00600000000000e+03
   1.00650000000000e+03
   1.00700000000000e+03
   1.00750000000000e+03
   1.00800000000000e+03
   1.00850000000000e+03
   1.00900000000000e+03
   1.00950000000000e+03
   1.01000000000000e+03
   1.01050000000000e+03
   1.01100000000000e+03
   1.01150000000000e+03
   1.01200000000000e+03
   1.01250000000000e+03
   1.01300000000000e+03
   1.01350000000000e+03
   1.01400000000000e+03
   1.01450000000000e+03
   1.01500000000000e+03
   1.01550000000000e+03
   1.01600000000000e+03
   1.01650000000000e+03
   1.01700000000000e+03
   1.01750000000000e+03
   1.01800000000000e+03
   1.01850000000000e+03
   1.01900000000000e+03
   1.01950000000000e+03
   1.02000000000000e+03
   1.02050000000000e+03
   1.02100000000000e+03
   1.02150000000000e+03
   1.02200000000000e+03
   1.02250000000000e+03
   1.02300000000000e+03
   1.02350000000000e+03
   1.02400000000000e+03
   1.02450000000000e+03
   1.02500000000000e+03
   1.02550000000000e+03
   1.02600000000000e+03
   1.02650000000000e+03
   1.02700000000000e+03
   1.02750000000000e+03
   1.02800000000000e+03
   1.02850000000000e+03
   1.02900000000000e+03
   1.02950000000000e+03
   1.03000000000000e+03
   1.03050000000000e+03
   1.03100000000000e+03
   1.03150000000000e+03
   1.03200000000000e+03
   1.03250000000000e+03
   1.03300000000000e+03
   1.03350000000000e+03
   1.03400000000000e+03
   1.03450000000000e+03
   1.03500000000000e+03
   1.03550000000000e+03
   1.03600000000000e+03
   1.03650000000000e+03
   1.03700000000000e+03
   1.03750000000000e+03
   1.03800000000000e+03
   1.03850000000000e+03
   1.03900000000000e+03
   1.03950000000000e+03
   1.04000000000000e+03
   1.04050000000000e+03
   1.04100000000000e+03
   1.04150000000000e+03
   1.04200000000000e+03
   1.04250000000000e+03
   1.04300000000000e+03
   1.04350000000000e+03
   1.04400000000000e+03
   1.04450000000000e+03
   1.04500000000000e+03
   1.04550000000000e+03
   1.04600000000000e+03
   1.04650000000000e+03
   1.04700000000000e+03
   1.04750000000000e+03
   1.04800000000000e+03
   1.04850000000000e+03
   1.04900000000000e+03
   1.04950000000000e+03
   1.05000000000000e+03
   1.05050000000000e+03
   1.05100000000000e+03
   1.05150000000000e+03
   1.05200000000000e+03
   1.05250000000000e+03
   1.05300000000000e+03
   1.05350000000000e+03
   1.05400000000000e+03
   1.05450000000000e+03
   1.05500000000000e+03
   1.05550000000000e+03
   1.05600000000000e+03
   1.05650000000000e+03
   1.05700000000000e+03
   1.05750000000000e+03
   1.05800000000000e+03
   1.05850000000000e+03
   1.05900000000000e+03
   1.05950000000000e+03
   1.06000000000000e+03
   1.06050000000000e+03
   1.06100000000000e+03
   1.06150000000000e+03
   1.06200000000000e+03
   1.06250000000000e+03
   1.06300000000000e+03
   1.06350000000000e+03
   1.06400000000000e+03
   1.06450000000000e+03
   1.06500000000000e+03
   1.06550000000000e+03
   1.06600000000000e+03
   1.06650000000000e+03
   1.06700000000000e+03
   1.06750000000000e+03
   1.06800000000000e+03
   1.06850000000000e+03
   1.06900000000000e+03
   1.06950000000000e+03
   1.07000000000000e+03
   1.07050000000000e+03
   1.07100000000000e+03
   1.07150000000000e+03
   1.07200000000000e+03
   1.07250000000000e+03
   1.07300000000000e+03
   1.07350000000000e+03
   1.07400000000000e+03
   1.07450000000000e+03
   1.07500000000000e+03
   1.07550000000000e+03
   1.07600000000000e+03
   1.07650000000000e+03
   1.07700000000000e+03
   1.07750000000000e+03
   1.07800000000000e+03
   1.07850000000000e+03
   1.07900000000000e+03
   1.07950000000000e+03
   1.08000000000000e+03
   1.08050000000000e+03
   1.08100000000000e+03
   1.08150000000000e+03
   1.08200000000000e+03
   1.08250000000000e+03
   1.08300000000000e+03
   1.08350000000000e+03
   1.08400000000000e+03
   1.08450000000000e+03
   1.08500000000000e+03
   1.08550000000000e+03
   1.08600000000000e+03
   1.08650000000000e+03
   1.08700000000000e+03
   1.08750000000000e+03
   1.08800000000000e+03
   1.08850000000000e+03
   1.08900000000000e+03
   1.08950000000000e+03
   1.09000000000000e+03
   1.09050000000000e+03
   1.09100000000000e+03
   1.09150000000000e+03
   1.09200000000000e+03
   1.09250000000000e+03
   1.09300000000000e+03
   1.09350000000000e+03
   1.09400000000000e+03
   1.09450000000000e+03
   1.09500000000000e+03
   1.09550000000000e+03
   1.09600000000000e+03
   1.09650000000000e+03
   1.09700000000000e+03
   1.09750000000000e+03
   1.09800000000000e+03
   1.09850000000000e+03
   1.09900000000000e+03
   1.09950000000000e+03
   1.10000000000000e+03
   1.10050000000000e+03
   1.10100000000000e+03
   1.10150000000000e+03
   1.10200000000000e+03
   1.10250000000000e+03
   1.10300000000000e+03
   1.10350000000000e+03
   1.10400000000000e+03
   1.10450000000000e+03
   1.10500000000000e+03
   1.10550000000000e+03
   1.10600000000000e+03
   1.10650000000000e+03
   1.10700000000000e+03
   1.10750000000000e+03
   1.10800000000000e+03
   1.10850000000000e+03
   1.10900000000000e+03
   1.10950000000000e+03
   1.11000000000000e+03
   1.11050000000000e+03
   1.11100000000000e+03
   1.11150000000000e+03
   1.11200000000000e+03
   1.11250000000000e+03
   1.11300000000000e+03
   1.11350000000000e+03
   1.11400000000000e+03
   1.11450000000000e+03
   1.11500000000000e+03
   1.11550000000000e+03
   1.11600000000000e+03
   1.11650000000000e+03
   1.11700000000000e+03
   1.11750000000000e+03
   1.11800000000000e+03
   1.11850000000000e+03
   1.11900000000000e+03
   1.11950000000000e+03
   1.12000000000000e+03
   1.12050000000000e+03
   1.12100000000000e+03
   1.12150000000000e+03
   1.12200000000000e+03
   1.12250000000000e+03
   1.12300000000000e+03
   1.12350000000000e+03
   1.12400000000000e+03
   1.12450000000000e+03
   1.12500000000000e+03
   1.12550000000000e+03
   1.12600000000000e+03
   1.12650000000000e+03
   1.12700000000000e+03
   1.12750000000000e+03
   1.12800000000000e+03
   1.12850000000000e+03
   1.12900000000000e+03
   1.12950000000000e+03
   1.13000000000000e+03
   1.13050000000000e+03
   1.13100000000000e+03
   1.13150000000000e+03
   1.13200000000000e+03
   1.13250000000000e+03
   1.13300000000000e+03
   1.13350000000000e+03
   1.13400000000000e+03
   1.13450000000000e+03
   1.13500000000000e+03
   1.13550000000000e+03
   1.13600000000000e+03
   1.13650000000000e+03
   1.13700000000000e+03
   1.13750000000000e+03
   1.13800000000000e+03
   1.13850000000000e+03
   1.13900000000000e+03
   1.13950000000000e+03
   1.14000000000000e+03
   1.14050000000000e+03
   1.14100000000000e+03
   1.14150000000000e+03
   1.14200000000000e+03
   1.14250000000000e+03
   1.14300000000000e+03
   1.14350000000000e+03
   1.14400000000000e+03
   1.14450000000000e+03
   1.14500000000000e+03
   1.14550000000000e+03
   1.14600000000000e+03
   1.14650000000000e+03
   1.14700000000000e+03
   1.14750000000000e+03
   1.14800000000000e+03
   1.14850000000000e+03
   1.14900000000000e+03
   1.14950000000000e+03
   1.15000000000000e+03
   1.15050000000000e+03
   1.15100000000000e+03
   1.15150000000000e+03
   1.15200000000000e+03
   1.15250000000000e+03
   1.15300000000000e+03
   1.15350000000000e+03
   1.15400000000000e+03
   1.15450000000000e+03
   1.15500000000000e+03
   1.15550000000000e+03
   1.15600000000000e+03
   1.15650000000000e+03
   1.15700000000000e+03
   1.15750000000000e+03
   1.15800000000000e+03
   1.15850000000000e+03
   1.15900000000000e+03
   1.15950000000000e+03
   1.16000000000000e+03
   1.16050000000000e+03
   1.16100000000000e+03
   1.16150000000000e+03
   1.16200000000000e+03
   1.16250000000000e+03
   1.16300000000000e+03
   1.16350000000000e+03
   1.16400000000000e+03
   1.16450000000000e+03
   1.16500000000000e+03
   1.16550000000000e+03
   1.16600000000000e+03
   1.16650000000000e+03
   1.16700000000000e+03
   1.16750000000000e+03
   1.16800000000000e+03
   1.16850000000000e+03
   1.16900000000000e+03
   1.16950000000000e+03
   1.17000000000000e+03
   1.17050000000000e+03
   1.17100000000000e+03
   1.17150000000000e+03
   1.17200000000000e+03
   1.17250000000000e+03
   1.17300000000000e+03
   1.17350000000000e+03
   1.17400000000000e+03
   1.17450000000000e+03
   1.17500000000000e+03
   1.17550000000000e+03
   1.17600000000000e+03
   1.17650000000000e+03
   1.17700000000000e+03
   1.17750000000000e+03
   1.17800000000000e+03
   1.17850000000000e+03
   1.17900000000000e+03
   1.17950000000000e+03
   1.18000000000000e+03
   1.18050000000000e+03
   1.18100000000000e+03
   1.18150000000000e+03
   1.18200000000000e+03
   1.18250000000000e+03
   1.18300000000000e+03
   1.18350000000000e+03
   1.18400000000000e+03
   1.18450000000000e+03
   1.18500000000000e+03
   1.18550000000000e+03
   1.18600000000000e+03
   1.18650000000000e+03
   1.18700000000000e+03
   1.18750000000000e+03
   1.18800000000000e+03
   1.18850000000000e+03
   1.18900000000000e+03
   1.18950000000000e+03
   1.19000000000000e+03
   1.19050000000000e+03
   1.19100000000000e+03
   1.19150000000000e+03
   1.19200000000000e+03
   1.19250000000000e+03
   1.19300000000000e+03
   1.19350000000000e+03
   1.19400000000000e+03
   1.19450000000000e+03
   1.19500000000000e+03
   1.19550000000000e+03
   1.19600000000000e+03
   1.19650000000000e+03
   1.19700000000000e+03
   1.19750000000000e+03
   1.19800000000000e+03
   1.19850000000000e+03
   1.19900000000000e+03
   1.19950000000000e+03
   1.20000000000000e+03
   1.20050000000000e+03
   1.20100000000000e+03
   1.20150000000000e+03
   1.20200000000000e+03
   1.20250000000000e+03
   1.20300000000000e+03
   1.20350000000000e+03
   1.20400000000000e+03
   1.20450000000000e+03
   1.20500000000000e+03
   1.20550000000000e+03
   1.20600000000000e+03
   1.20650000000000e+03
   1.20700000000000e+03
   1.20750000000000e+03
   1.20800000000000e+03
   1.20850000000000e+03
   1.20900000000000e+03
   1.20950000000000e+03
   1.21000000000000e+03
   1.21050000000000e+03
   1.21100000000000e+03
   1.21150000000000e+03
   1.21200000000000e+03
   1.21250000000000e+03
   1.21300000000000e+03
   1.21350000000000e+03
   1.21400000000000e+03
   1.21450000000000e+03
   1.21500000000000e+03
   1.21550000000000e+03
   1.21600000000000e+03
   1.21650000000000e+03
   1.21700000000000e+03
   1.21750000000000e+03
   1.21800000000000e+03
   1.21850000000000e+03
   1.21900000000000e+03
   1.21950000000000e+03
   1.22000000000000e+03
   1.22050000000000e+03
   1.22100000000000e+03
   1.22150000000000e+03
   1.22200000000000e+03
   1.22250000000000e+03
   1.22300000000000e+03
   1.22350000000000e+03
   1.22400000000000e+03
   1.22450000000000e+03
   1.22500000000000e+03
   1.22550000000000e+03
   1.22600000000000e+03
   1.22650000000000e+03
   1.22700000000000e+03
   1.22750000000000e+03
   1.22800000000000e+03
   1.22850000000000e+03
   1.22900000000000e+03
   1.22950000000000e+03
   1.23000000000000e+03
   1.23050000000000e+03
   1.23100000000000e+03
   1.23150000000000e+03
   1.23200000000000e+03
   1.23250000000000e+03
   1.23300000000000e+03
   1.23350000000000e+03
   1.23400000000000e+03
   1.23450000000000e+03
   1.23500000000000e+03
   1.23550000000000e+03
   1.23600000000000e+03
   1.23650000000000e+03
   1.23700000000000e+03
   1.23750000000000e+03
   1.23800000000000e+03
   1.23850000000000e+03
   1.23900000000000e+03
   1.23950000000000e+03
   1.24000000000000e+03
   1.24050000000000e+03
   1.24100000000000e+03
   1.24150000000000e+03
   1.24200000000000e+03
   1.24250000000000e+03
   1.24300000000000e+03
   1.24350000000000e+03
   1.24400000000000e+03
   1.24450000000000e+03
   1.24500000000000e+03
   1.24550000000000e+03
   1.24600000000000e+03
   1.24650000000000e+03
   1.24700000000000e+03
   1.24750000000000e+03
   1.24800000000000e+03
   1.24850000000000e+03
   1.24900000000000e+03
   1.24950000000000e+03
   1.25000000000000e+03
   1.25050000000000e+03
   1.25100000000000e+03
   1.25150000000000e+03
   1.25200000000000e+03
   1.25250000000000e+03
   1.25300000000000e+03
   1.25350000000000e+03
   1.25400000000000e+03
   1.25450000000000e+03
   1.25500000000000e+03
   1.25550000000000e+03
   1.25600000000000e+03
   1.25650000000000e+03
   1.25700000000000e+03
   1.25750000000000e+03
   1.25800000000000e+03
   1.25850000000000e+03
   1.25900000000000e+03
   1.25950000000000e+03
   1.26000000000000e+03
   1.26050000000000e+03
   1.26100000000000e+03
   1.26150000000000e+03
   1.26200000000000e+03
   1.26250000000000e+03
   1.26300000000000e+03
   1.26350000000000e+03
   1.26400000000000e+03
   1.26450000000000e+03
   1.26500000000000e+03
   1.26550000000000e+03
   1.26600000000000e+03
   1.26650000000000e+03
   1.26700000000000e+03
   1.26750000000000e+03
   1.26800000000000e+03
   1.26850000000000e+03
   1.26900000000000e+03
   1.26950000000000e+03
   1.27000000000000e+03
   1.27050000000000e+03
   1.27100000000000e+03
   1.27150000000000e+03
   1.27200000000000e+03
   1.27250000000000e+03
   1.27300000000000e+03
   1.27350000000000e+03
   1.27400000000000e+03
   1.27450000000000e+03
   1.27500000000000e+03
   1.27550000000000e+03
   1.27600000000000e+03
   1.27650000000000e+03
   1.27700000000000e+03
   1.27750000000000e+03
   1.27800000000000e+03
   1.27850000000000e+03
   1.27900000000000e+03
   1.27950000000000e+03
   1.28000000000000e+03
   1.28050000000000e+03
   1.28100000000000e+03
   1.28150000000000e+03
   1.28200000000000e+03
   1.28250000000000e+03
   1.28300000000000e+03
   1.28350000000000e+03
   1.28400000000000e+03
   1.28450000000000e+03
   1.28500000000000e+03
   1.28550000000000e+03
   1.28600000000000e+03
   1.28650000000000e+03
   1.28700000000000e+03
   1.28750000000000e+03
   1.28800000000000e+03
   1.28850000000000e+03
   1.28900000000000e+03
   1.28950000000000e+03
   1.29000000000000e+03
   1.29050000000000e+03
   1.29100000000000e+03
   1.29150000000000e+03
   1.29200000000000e+03
   1.29250000000000e+03
   1.29300000000000e+03
   1.29350000000000e+03
   1.29400000000000e+03
   1.29450000000000e+03
   1.29500000000000e+03
   1.29550000000000e+03
   1.29600000000000e+03
   1.29650000000000e+03
   1.29700000000000e+03
   1.29750000000000e+03
   1.29800000000000e+03
   1.29850000000000e+03
   1.29900000000000e+03
   1.29950000000000e+03
   1.30000000000000e+03
   1.30050000000000e+03
   1.30100000000000e+03
   1.30150000000000e+03
   1.30200000000000e+03
   1.30250000000000e+03
   1.30300000000000e+03
   1.30350000000000e+03
   1.30400000000000e+03
   1.30450000000000e+03
   1.30500000000000e+03
   1.30550000000000e+03
   1.30600000000000e+03
   1.30650000000000e+03
   1.30700000000000e+03
   1.30750000000000e+03
   1.30800000000000e+03
   1.30850000000000e+03
   1.30900000000000e+03
   1.30950000000000e+03
   1.31000000000000e+03
   1.31050000000000e+03
   1.31100000000000e+03
   1.31150000000000e+03
   1.31200000000000e+03
   1.31250000000000e+03
   1.31300000000000e+03
   1.31350000000000e+03
   1.31400000000000e+03
   1.31450000000000e+03
   1.31500000000000e+03
   1.31550000000000e+03
   1.31600000000000e+03
   1.31650000000000e+03
   1.31700000000000e+03
   1.31750000000000e+03
   1.31800000000000e+03
   1.31850000000000e+03
   1.31900000000000e+03
   1.31950000000000e+03
   1.32000000000000e+03
   1.32050000000000e+03
   1.32100000000000e+03
   1.32150000000000e+03
   1.32200000000000e+03
   1.32250000000000e+03
   1.32300000000000e+03
   1.32350000000000e+03
   1.32400000000000e+03
   1.32450000000000e+03
   1.32500000000000e+03
   1.32550000000000e+03
   1.32600000000000e+03
   1.32650000000000e+03
   1.32700000000000e+03
   1.32750000000000e+03
   1.32800000000000e+03
   1.32850000000000e+03
   1.32900000000000e+03
   1.32950000000000e+03
   1.33000000000000e+03
   1.33050000000000e+03
   1.33100000000000e+03
   1.33150000000000e+03
   1.33200000000000e+03
   1.33250000000000e+03
   1.33300000000000e+03
   1.33350000000000e+03
   1.33400000000000e+03
   1.33450000000000e+03
   1.33500000000000e+03
   1.33550000000000e+03
   1.33600000000000e+03
   1.33650000000000e+03
   1.33700000000000e+03
   1.33750000000000e+03
   1.33800000000000e+03
   1.33850000000000e+03
   1.33900000000000e+03
   1.33950000000000e+03
   1.34000000000000e+03
   1.34050000000000e+03
   1.34100000000000e+03
   1.34150000000000e+03
   1.34200000000000e+03
   1.34250000000000e+03
   1.34300000000000e+03
   1.34350000000000e+03
   1.34400000000000e+03
   1.34450000000000e+03
   1.34500000000000e+03
   1.34550000000000e+03
   1.34600000000000e+03
   1.34650000000000e+03
   1.34700000000000e+03
   1.34750000000000e+03
   1.34800000000000e+03
   1.34850000000000e+03
   1.34900000000000e+03
   1.34950000000000e+03
   1.35000000000000e+03
   1.35050000000000e+03
   1.35100000000000e+03
   1.35150000000000e+03
   1.35200000000000e+03
   1.35250000000000e+03
   1.35300000000000e+03
   1.35350000000000e+03
   1.35400000000000e+03
   1.35450000000000e+03
   1.35500000000000e+03
   1.35550000000000e+03
   1.35600000000000e+03
   1.35650000000000e+03
   1.35700000000000e+03
   1.35750000000000e+03
   1.35800000000000e+03
   1.35850000000000e+03
   1.35900000000000e+03
   1.35950000000000e+03
   1.36000000000000e+03
   1.36050000000000e+03
   1.36100000000000e+03
   1.36150000000000e+03
   1.36200000000000e+03
   1.36250000000000e+03
   1.36300000000000e+03
   1.36350000000000e+03
   1.36400000000000e+03
   1.36450000000000e+03
   1.36500000000000e+03
   1.36550000000000e+03
   1.36600000000000e+03
   1.36650000000000e+03
   1.36700000000000e+03
   1.36750000000000e+03
   1.36800000000000e+03
   1.36850000000000e+03
   1.36900000000000e+03
   1.36950000000000e+03
   1.37000000000000e+03
   1.37050000000000e+03
   1.37100000000000e+03
   1.37150000000000e+03
   1.37200000000000e+03
   1.37250000000000e+03
   1.37300000000000e+03
   1.37350000000000e+03
   1.37400000000000e+03
   1.37450000000000e+03
   1.37500000000000e+03
   1.37550000000000e+03
   1.37600000000000e+03
   1.37650000000000e+03
   1.37700000000000e+03
   1.37750000000000e+03
   1.37800000000000e+03
   1.37850000000000e+03
   1.37900000000000e+03
   1.37950000000000e+03
   1.38000000000000e+03
   1.38050000000000e+03
   1.38100000000000e+03
   1.38150000000000e+03
   1.38200000000000e+03
   1.38250000000000e+03
   1.38300000000000e+03
   1.38350000000000e+03
   1.38400000000000e+03
   1.38450000000000e+03
   1.38500000000000e+03
   1.38550000000000e+03
   1.38600000000000e+03
   1.38650000000000e+03
   1.38700000000000e+03
   1.38750000000000e+03
   1.38800000000000e+03
   1.38850000000000e+03
   1.38900000000000e+03
   1.38950000000000e+03
   1.39000000000000e+03
   1.39050000000000e+03
   1.39100000000000e+03
   1.39150000000000e+03
   1.39200000000000e+03
   1.39250000000000e+03
   1.39300000000000e+03
   1.39350000000000e+03
   1.39400000000000e+03
   1.39450000000000e+03
   1.39500000000000e+03
   1.39550000000000e+03
   1.39600000000000e+03
   1.39650000000000e+03
   1.39700000000000e+03
   1.39750000000000e+03
   1.39800000000000e+03
   1.39850000000000e+03
   1.39900000000000e+03
   1.39950000000000e+03
   1.40000000000000e+03
   1.40050000000000e+03
   1.40100000000000e+03
   1.40150000000000e+03
   1.40200000000000e+03
   1.40250000000000e+03
   1.40300000000000e+03
   1.40350000000000e+03
   1.40400000000000e+03
   1.40450000000000e+03
   1.40500000000000e+03
   1.40550000000000e+03
   1.40600000000000e+03
   1.40650000000000e+03
   1.40700000000000e+03
   1.40750000000000e+03
   1.40800000000000e+03
   1.40850000000000e+03
   1.40900000000000e+03
   1.40950000000000e+03
   1.41000000000000e+03
   1.41050000000000e+03
   1.41100000000000e+03
   1.41150000000000e+03
   1.41200000000000e+03
   1.41250000000000e+03
   1.41300000000000e+03
   1.41350000000000e+03
   1.41400000000000e+03
   1.41450000000000e+03
   1.41500000000000e+03
   1.41550000000000e+03
   1.41600000000000e+03
   1.41650000000000e+03
   1.41700000000000e+03
   1.41750000000000e+03
   1.41800000000000e+03
   1.41850000000000e+03
   1.41900000000000e+03
   1.41950000000000e+03
   1.42000000000000e+03
   1.42050000000000e+03
   1.42100000000000e+03
   1.42150000000000e+03
   1.42200000000000e+03
   1.42250000000000e+03
   1.42300000000000e+03
   1.42350000000000e+03
   1.42400000000000e+03
   1.42450000000000e+03
   1.42500000000000e+03
   1.42550000000000e+03
   1.42600000000000e+03
   1.42650000000000e+03
   1.42700000000000e+03
   1.42750000000000e+03
   1.42800000000000e+03
   1.42850000000000e+03
   1.42900000000000e+03
   1.42950000000000e+03
   1.43000000000000e+03
   1.43050000000000e+03
   1.43100000000000e+03
   1.43150000000000e+03
   1.43200000000000e+03
   1.43250000000000e+03
   1.43300000000000e+03
   1.43350000000000e+03
   1.43400000000000e+03
   1.43450000000000e+03
   1.43500000000000e+03
   1.43550000000000e+03
   1.43600000000000e+03
   1.43650000000000e+03
   1.43700000000000e+03
   1.43750000000000e+03
   1.43800000000000e+03
   1.43850000000000e+03
   1.43900000000000e+03
   1.43950000000000e+03
   1.44000000000000e+03
   1.44050000000000e+03
   1.44100000000000e+03
   1.44150000000000e+03
   1.44200000000000e+03
   1.44250000000000e+03
   1.44300000000000e+03
   1.44350000000000e+03
   1.44400000000000e+03
   1.44450000000000e+03
   1.44500000000000e+03
   1.44550000000000e+03
   1.44600000000000e+03
   1.44650000000000e+03
   1.44700000000000e+03
   1.44750000000000e+03
   1.44800000000000e+03
   1.44850000000000e+03
   1.44900000000000e+03
   1.44950000000000e+03
   1.45000000000000e+03
   1.45050000000000e+03
   1.45100000000000e+03
   1.45150000000000e+03
   1.45200000000000e+03
   1.45250000000000e+03
   1.45300000000000e+03
   1.45350000000000e+03
   1.45400000000000e+03
   1.45450000000000e+03
   1.45500000000000e+03
   1.45550000000000e+03
   1.45600000000000e+03
   1.45650000000000e+03
   1.45700000000000e+03
   1.45750000000000e+03
   1.45800000000000e+03
   1.45850000000000e+03
   1.45900000000000e+03
   1.45950000000000e+03
   1.46000000000000e+03
   1.46050000000000e+03
   1.46100000000000e+03
   1.46150000000000e+03
   1.46200000000000e+03
   1.46250000000000e+03
   1.46300000000000e+03
   1.46350000000000e+03
   1.46400000000000e+03
   1.46450000000000e+03
   1.46500000000000e+03
   1.46550000000000e+03
   1.46600000000000e+03
   1.46650000000000e+03
   1.46700000000000e+03
   1.46750000000000e+03
   1.46800000000000e+03
   1.46850000000000e+03
   1.46900000000000e+03
   1.46950000000000e+03
   1.47000000000000e+03
   1.47050000000000e+03
   1.47100000000000e+03
   1.47150000000000e+03
   1.47200000000000e+03
   1.47250000000000e+03
   1.47300000000000e+03
   1.47350000000000e+03
   1.47400000000000e+03
   1.47450000000000e+03
   1.47500000000000e+03
   1.47550000000000e+03
   1.47600000000000e+03
   1.47650000000000e+03
   1.47700000000000e+03
   1.47750000000000e+03
   1.47800000000000e+03
   1.47850000000000e+03
   1.47900000000000e+03
   1.47950000000000e+03
   1.48000000000000e+03
   1.48050000000000e+03
   1.48100000000000e+03
   1.48150000000000e+03
   1.48200000000000e+03
   1.48250000000000e+03
   1.48300000000000e+03
   1.48350000000000e+03
   1.48400000000000e+03
   1.48450000000000e+03
   1.48500000000000e+03
   1.48550000000000e+03
   1.48600000000000e+03
   1.48650000000000e+03
   1.48700000000000e+03
   1.48750000000000e+03
   1.48800000000000e+03
   1.48850000000000e+03
   1.48900000000000e+03
   1.48950000000000e+03
   1.49000000000000e+03
   1.49050000000000e+03
   1.49100000000000e+03
   1.49150000000000e+03
   1.49200000000000e+03
   1.49250000000000e+03
   1.49300000000000e+03
   1.49350000000000e+03
   1.49400000000000e+03
   1.49450000000000e+03
   1.49500000000000e+03
   1.49550000000000e+03
   1.49600000000000e+03
   1.49650000000000e+03
   1.49700000000000e+03
   1.49750000000000e+03
   1.49800000000000e+03
   1.49850000000000e+03
   1.49900000000000e+03
   1.49950000000000e+03
   1.50000000000000e+03
   1.50050000000000e+03
   1.50100000000000e+03
   1.50150000000000e+03
   1.50200000000000e+03
   1.50250000000000e+03
   1.50300000000000e+03
   1.50350000000000e+03
   1.50400000000000e+03
   1.50450000000000e+03
   1.50500000000000e+03
   1.50550000000000e+03
   1.50600000000000e+03
   1.50650000000000e+03
   1.50700000000000e+03
   1.50750000000000e+03
   1.50800000000000e+03
   1.50850000000000e+03
   1.50900000000000e+03
   1.50950000000000e+03
   1.51000000000000e+03
   1.51050000000000e+03
   1.51100000000000e+03
   1.51150000000000e+03
   1.51200000000000e+03
   1.51250000000000e+03
   1.51300000000000e+03
   1.51350000000000e+03
   1.51400000000000e+03
   1.51450000000000e+03
   1.51500000000000e+03
   1.51550000000000e+03
   1.51600000000000e+03
   1.51650000000000e+03
   1.51700000000000e+03
   1.51750000000000e+03
   1.51800000000000e+03
   1.51850000000000e+03
   1.51900000000000e+03
   1.51950000000000e+03
   1.52000000000000e+03
   1.52050000000000e+03
   1.52100000000000e+03
   1.52150000000000e+03
   1.52200000000000e+03
   1.52250000000000e+03
   1.52300000000000e+03
   1.52350000000000e+03
   1.52400000000000e+03
   1.52450000000000e+03
   1.52500000000000e+03
   1.52550000000000e+03
   1.52600000000000e+03
   1.52650000000000e+03
   1.52700000000000e+03
   1.52750000000000e+03
   1.52800000000000e+03
   1.52850000000000e+03
   1.52900000000000e+03
   1.52950000000000e+03
   1.53000000000000e+03
   1.53050000000000e+03
   1.53100000000000e+03
   1.53150000000000e+03
   1.53200000000000e+03
   1.53250000000000e+03
   1.53300000000000e+03
   1.53350000000000e+03
   1.53400000000000e+03
   1.53450000000000e+03
   1.53500000000000e+03
   1.53550000000000e+03
   1.53600000000000e+03
   1.53650000000000e+03
   1.53700000000000e+03
   1.53750000000000e+03
   1.53800000000000e+03
   1.53850000000000e+03
   1.53900000000000e+03
   1.53950000000000e+03
   1.54000000000000e+03
   1.54050000000000e+03
   1.54100000000000e+03
   1.54150000000000e+03
   1.54200000000000e+03
   1.54250000000000e+03
   1.54300000000000e+03
   1.54350000000000e+03
   1.54400000000000e+03
   1.54450000000000e+03
   1.54500000000000e+03
   1.54550000000000e+03
   1.54600000000000e+03
   1.54650000000000e+03
   1.54700000000000e+03
   1.54750000000000e+03
   1.54800000000000e+03
   1.54850000000000e+03
   1.54900000000000e+03
   1.54950000000000e+03
   1.55000000000000e+03
   1.55050000000000e+03
   1.55100000000000e+03
   1.55150000000000e+03
   1.55200000000000e+03
   1.55250000000000e+03
   1.55300000000000e+03
   1.55350000000000e+03
   1.55400000000000e+03
   1.55450000000000e+03
   1.55500000000000e+03
   1.55550000000000e+03
   1.55600000000000e+03
   1.55650000000000e+03
   1.55700000000000e+03
   1.55750000000000e+03
   1.55800000000000e+03
   1.55850000000000e+03
   1.55900000000000e+03
   1.55950000000000e+03
   1.56000000000000e+03
   1.56050000000000e+03
   1.56100000000000e+03
   1.56150000000000e+03
   1.56200000000000e+03
   1.56250000000000e+03
   1.56300000000000e+03
   1.56350000000000e+03
   1.56400000000000e+03
   1.56450000000000e+03
   1.56500000000000e+03
   1.56550000000000e+03
   1.56600000000000e+03
   1.56650000000000e+03
   1.56700000000000e+03
   1.56750000000000e+03
   1.56800000000000e+03
   1.56850000000000e+03
   1.56900000000000e+03
   1.56950000000000e+03
   1.57000000000000e+03
   1.57050000000000e+03
   1.57100000000000e+03
   1.57150000000000e+03
   1.57200000000000e+03
   1.57250000000000e+03
   1.57300000000000e+03
   1.57350000000000e+03
   1.57400000000000e+03
   1.57450000000000e+03
   1.57500000000000e+03
   1.57550000000000e+03
   1.57600000000000e+03
   1.57650000000000e+03
   1.57700000000000e+03
   1.57750000000000e+03
   1.57800000000000e+03
   1.57850000000000e+03
   1.57900000000000e+03
   1.57950000000000e+03
   1.58000000000000e+03
   1.58050000000000e+03
   1.58100000000000e+03
   1.58150000000000e+03
   1.58200000000000e+03
   1.58250000000000e+03
   1.58300000000000e+03
   1.58350000000000e+03
   1.58400000000000e+03
   1.58450000000000e+03
   1.58500000000000e+03
   1.58550000000000e+03
   1.58600000000000e+03
   1.58650000000000e+03
   1.58700000000000e+03
   1.58750000000000e+03
   1.58800000000000e+03
   1.58850000000000e+03
   1.58900000000000e+03
   1.58950000000000e+03
   1.59000000000000e+03
   1.59050000000000e+03
   1.59100000000000e+03
   1.59150000000000e+03
   1.59200000000000e+03
   1.59250000000000e+03
   1.59300000000000e+03
   1.59350000000000e+03
   1.59400000000000e+03
   1.59450000000000e+03
   1.59500000000000e+03
   1.59550000000000e+03
   1.59600000000000e+03
   1.59650000000000e+03
   1.59700000000000e+03
   1.59750000000000e+03
   1.59800000000000e+03
   1.59850000000000e+03
   1.59900000000000e+03
   1.59950000000000e+03
   1.60000000000000e+03
   1.60050000000000e+03
   1.60100000000000e+03
   1.60150000000000e+03
   1.60200000000000e+03
   1.60250000000000e+03
   1.60300000000000e+03
   1.60350000000000e+03
   1.60400000000000e+03
   1.60450000000000e+03
   1.60500000000000e+03
   1.60550000000000e+03
   1.60600000000000e+03
   1.60650000000000e+03
   1.60700000000000e+03
   1.60750000000000e+03
   1.60800000000000e+03
   1.60850000000000e+03
   1.60900000000000e+03
   1.60950000000000e+03
   1.61000000000000e+03
   1.61050000000000e+03
   1.61100000000000e+03
   1.61150000000000e+03
   1.61200000000000e+03
   1.61250000000000e+03
   1.61300000000000e+03
   1.61350000000000e+03
   1.61400000000000e+03
   1.61450000000000e+03
   1.61500000000000e+03
   1.61550000000000e+03
   1.61600000000000e+03
   1.61650000000000e+03
   1.61700000000000e+03
   1.61750000000000e+03
   1.61800000000000e+03
   1.61850000000000e+03
   1.61900000000000e+03
   1.61950000000000e+03
   1.62000000000000e+03
   1.62050000000000e+03
   1.62100000000000e+03
   1.62150000000000e+03
   1.62200000000000e+03
   1.62250000000000e+03
   1.62300000000000e+03
   1.62350000000000e+03
   1.62400000000000e+03
   1.62450000000000e+03
   1.62500000000000e+03
   1.62550000000000e+03
   1.62600000000000e+03
   1.62650000000000e+03
   1.62700000000000e+03
   1.62750000000000e+03
   1.62800000000000e+03
   1.62850000000000e+03
   1.62900000000000e+03
   1.62950000000000e+03
   1.63000000000000e+03
   1.63050000000000e+03
   1.63100000000000e+03
   1.63150000000000e+03
   1.63200000000000e+03
   1.63250000000000e+03
   1.63300000000000e+03
   1.63350000000000e+03
   1.63400000000000e+03
   1.63450000000000e+03
   1.63500000000000e+03
   1.63550000000000e+03
   1.63600000000000e+03
   1.63650000000000e+03
   1.63700000000000e+03
   1.63750000000000e+03
   1.63800000000000e+03
   1.63850000000000e+03
   1.63900000000000e+03
   1.63950000000000e+03
   1.64000000000000e+03
   1.64050000000000e+03
   1.64100000000000e+03
   1.64150000000000e+03
   1.64200000000000e+03
   1.64250000000000e+03
   1.64300000000000e+03
   1.64350000000000e+03
   1.64400000000000e+03
   1.64450000000000e+03
   1.64500000000000e+03
   1.64550000000000e+03
   1.64600000000000e+03
   1.64650000000000e+03
   1.64700000000000e+03
   1.64750000000000e+03
   1.64800000000000e+03
   1.64850000000000e+03
   1.64900000000000e+03
   1.64950000000000e+03
   1.65000000000000e+03
   1.65050000000000e+03
   1.65100000000000e+03
   1.65150000000000e+03
   1.65200000000000e+03
   1.65250000000000e+03
   1.65300000000000e+03
   1.65350000000000e+03
   1.65400000000000e+03
   1.65450000000000e+03
   1.65500000000000e+03
   1.65550000000000e+03
   1.65600000000000e+03
   1.65650000000000e+03
   1.65700000000000e+03
   1.65750000000000e+03
   1.65800000000000e+03
   1.65850000000000e+03
   1.65900000000000e+03
   1.65950000000000e+03
   1.66000000000000e+03
   1.66050000000000e+03
   1.66100000000000e+03
   1.66150000000000e+03
   1.66200000000000e+03
   1.66250000000000e+03
   1.66300000000000e+03
   1.66350000000000e+03
   1.66400000000000e+03
   1.66450000000000e+03
   1.66500000000000e+03
   1.66550000000000e+03
   1.66600000000000e+03
   1.66650000000000e+03
   1.66700000000000e+03
   1.66750000000000e+03
   1.66800000000000e+03
   1.66850000000000e+03
   1.66900000000000e+03
   1.66950000000000e+03
   1.67000000000000e+03
   1.67050000000000e+03
   1.67100000000000e+03
   1.67150000000000e+03
   1.67200000000000e+03
   1.67250000000000e+03
   1.67300000000000e+03
   1.67350000000000e+03
   1.67400000000000e+03
   1.67450000000000e+03
   1.67500000000000e+03
   1.67550000000000e+03
   1.67600000000000e+03
   1.67650000000000e+03
   1.67700000000000e+03
   1.67750000000000e+03
   1.67800000000000e+03
   1.67850000000000e+03
   1.67900000000000e+03
   1.67950000000000e+03
   1.68000000000000e+03
   1.68050000000000e+03
   1.68100000000000e+03
   1.68150000000000e+03
   1.68200000000000e+03
   1.68250000000000e+03
   1.68300000000000e+03
   1.68350000000000e+03
   1.68400000000000e+03
   1.68450000000000e+03
   1.68500000000000e+03
   1.68550000000000e+03
   1.68600000000000e+03
   1.68650000000000e+03
   1.68700000000000e+03
   1.68750000000000e+03
   1.68800000000000e+03
   1.68850000000000e+03
   1.68900000000000e+03
   1.68950000000000e+03
   1.69000000000000e+03
   1.69050000000000e+03
   1.69100000000000e+03
   1.69150000000000e+03
   1.69200000000000e+03
   1.69250000000000e+03
   1.69300000000000e+03
   1.69350000000000e+03
   1.69400000000000e+03
   1.69450000000000e+03
   1.69500000000000e+03
   1.69550000000000e+03
   1.69600000000000e+03
   1.69650000000000e+03
   1.69700000000000e+03
   1.69750000000000e+03
   1.69800000000000e+03
   1.69850000000000e+03
   1.69900000000000e+03
   1.69950000000000e+03
   1.70000000000000e+03
   1.70050000000000e+03
   1.70100000000000e+03
   1.70150000000000e+03
   1.70200000000000e+03
   1.70250000000000e+03
   1.70300000000000e+03
   1.70350000000000e+03
   1.70400000000000e+03
   1.70450000000000e+03
   1.70500000000000e+03
   1.70550000000000e+03
   1.70600000000000e+03
   1.70650000000000e+03
   1.70700000000000e+03
   1.70750000000000e+03
   1.70800000000000e+03
   1.70850000000000e+03
   1.70900000000000e+03
   1.70950000000000e+03
   1.71000000000000e+03
   1.71050000000000e+03
   1.71100000000000e+03
   1.71150000000000e+03
   1.71200000000000e+03
   1.71250000000000e+03
   1.71300000000000e+03
   1.71350000000000e+03
   1.71400000000000e+03
   1.71450000000000e+03
   1.71500000000000e+03
   1.71550000000000e+03
   1.71600000000000e+03
   1.71650000000000e+03
   1.71700000000000e+03
   1.71750000000000e+03
   1.71800000000000e+03
   1.71850000000000e+03
   1.71900000000000e+03
   1.71950000000000e+03
   1.72000000000000e+03
   1.72050000000000e+03
   1.72100000000000e+03
   1.72150000000000e+03
   1.72200000000000e+03
   1.72250000000000e+03
   1.72300000000000e+03
   1.72350000000000e+03
   1.72400000000000e+03
   1.72450000000000e+03
   1.72500000000000e+03
   1.72550000000000e+03
   1.72600000000000e+03
   1.72650000000000e+03
   1.72700000000000e+03
   1.72750000000000e+03
   1.72800000000000e+03
   1.72850000000000e+03
   1.72900000000000e+03
   1.72950000000000e+03
   1.73000000000000e+03
   1.73050000000000e+03
   1.73100000000000e+03
   1.73150000000000e+03
   1.73200000000000e+03
   1.73250000000000e+03
   1.73300000000000e+03
   1.73350000000000e+03
   1.73400000000000e+03
   1.73450000000000e+03
   1.73500000000000e+03
   1.73550000000000e+03
   1.73600000000000e+03
   1.73650000000000e+03
   1.73700000000000e+03
   1.73750000000000e+03
   1.73800000000000e+03
   1.73850000000000e+03
   1.73900000000000e+03
   1.73950000000000e+03
   1.74000000000000e+03
   1.74050000000000e+03
   1.74100000000000e+03
   1.74150000000000e+03
   1.74200000000000e+03
   1.74250000000000e+03
   1.74300000000000e+03
   1.74350000000000e+03
   1.74400000000000e+03
   1.74450000000000e+03
   1.74500000000000e+03
   1.74550000000000e+03
   1.74600000000000e+03
   1.74650000000000e+03
   1.74700000000000e+03
   1.74750000000000e+03
   1.74800000000000e+03
   1.74850000000000e+03
   1.74900000000000e+03
   1.74950000000000e+03
   1.75000000000000e+03
   1.75050000000000e+03
   1.75100000000000e+03
   1.75150000000000e+03
   1.75200000000000e+03
   1.75250000000000e+03
   1.75300000000000e+03
   1.75350000000000e+03
   1.75400000000000e+03
   1.75450000000000e+03
   1.75500000000000e+03
   1.75550000000000e+03
   1.75600000000000e+03
   1.75650000000000e+03
   1.75700000000000e+03
   1.75750000000000e+03
   1.75800000000000e+03
   1.75850000000000e+03
   1.75900000000000e+03
   1.75950000000000e+03
   1.76000000000000e+03
   1.76050000000000e+03
   1.76100000000000e+03
   1.76150000000000e+03
   1.76200000000000e+03
   1.76250000000000e+03
   1.76300000000000e+03
   1.76350000000000e+03
   1.76400000000000e+03
   1.76450000000000e+03
   1.76500000000000e+03
   1.76550000000000e+03
   1.76600000000000e+03
   1.76650000000000e+03
   1.76700000000000e+03
   1.76750000000000e+03
   1.76800000000000e+03
   1.76850000000000e+03
   1.76900000000000e+03
   1.76950000000000e+03
   1.77000000000000e+03
   1.77050000000000e+03
   1.77100000000000e+03
   1.77150000000000e+03
   1.77200000000000e+03
   1.77250000000000e+03
   1.77300000000000e+03
   1.77350000000000e+03
   1.77400000000000e+03
   1.77450000000000e+03
   1.77500000000000e+03
   1.77550000000000e+03
   1.77600000000000e+03
   1.77800000000000e+03
   1.78000000000000e+03
   1.78200000000000e+03
   1.78400000000000e+03
   1.78600000000000e+03
   1.78800000000000e+03
   1.79000000000000e+03
   1.79200000000000e+03
   1.79400000000000e+03
   1.79600000000000e+03
   1.79800000000000e+03
   1.80000000000000e+03
   1.80200000000000e+03
   1.80400000000000e+03
   1.80600000000000e+03
   1.80800000000000e+03
   1.81000000000000e+03
   1.81200000000000e+03
   1.81400000000000e+03
   1.81600000000000e+03
   1.81800000000000e+03
   1.82000000000000e+03
   1.82200000000000e+03
   1.82400000000000e+03
   1.82600000000000e+03
   1.82800000000000e+03
   1.83000000000000e+03
   1.83200000000000e+03
   1.83400000000000e+03
   1.83600000000000e+03
   1.83800000000000e+03
   1.84000000000000e+03
   1.84200000000000e+03
   1.84400000000000e+03
   1.84600000000000e+03
   1.84800000000000e+03
   1.85000000000000e+03
   1.85200000000000e+03
   1.85400000000000e+03
   1.85600000000000e+03
   1.85800000000000e+03
   1.86000000000000e+03
   1.86200000000000e+03
   1.86400000000000e+03
   1.86600000000000e+03
   1.86800000000000e+03
   1.87000000000000e+03
   1.87200000000000e+03
   1.87400000000000e+03
   1.87600000000000e+03
   1.87800000000000e+03
   1.88000000000000e+03
   1.88200000000000e+03
   1.88400000000000e+03
   1.88600000000000e+03
   1.88800000000000e+03
   1.89000000000000e+03
   1.89200000000000e+03
   1.89400000000000e+03
   1.89600000000000e+03
   1.89800000000000e+03
   1.90000000000000e+03
   1.90200000000000e+03
   1.90400000000000e+03
   1.90600000000000e+03
   1.90800000000000e+03
   1.91000000000000e+03
   1.91200000000000e+03
   1.91400000000000e+03
   1.91600000000000e+03
   1.91800000000000e+03
   1.92000000000000e+03
   1.92200000000000e+03
   1.92400000000000e+03
   1.92600000000000e+03
   1.92800000000000e+03
   1.93000000000000e+03
   1.93200000000000e+03
   1.93400000000000e+03
   1.93600000000000e+03
   1.93800000000000e+03
   1.94000000000000e+03
   1.94200000000000e+03
   1.94400000000000e+03
   1.94600000000000e+03
   1.94800000000000e+03
   1.95000000000000e+03
   1.95200000000000e+03
   1.95400000000000e+03
   1.95600000000000e+03
   1.95800000000000e+03
   1.96000000000000e+03
   1.96200000000000e+03
   1.96400000000000e+03
   1.96600000000000e+03
   1.96800000000000e+03
   1.97000000000000e+03
   1.97200000000000e+03
   1.97400000000000e+03
   1.97600000000000e+03
   1.97800000000000e+03
   1.98000000000000e+03
   1.98200000000000e+03
   1.98400000000000e+03
   1.98600000000000e+03
   1.98800000000000e+03
   1.99000000000000e+03
   1.99200000000000e+03
   1.99400000000000e+03
   1.99600000000000e+03
   1.99800000000000e+03
   2.00000000000000e+03
   2.00200000000000e+03
   2.00400000000000e+03
   2.00600000000000e+03
   2.00800000000000e+03
   2.01000000000000e+03
   2.01200000000000e+03
   2.01400000000000e+03
   2.01600000000000e+03
   2.01800000000000e+03
   2.02000000000000e+03
   2.02200000000000e+03
   2.02400000000000e+03
   2.02600000000000e+03
   2.02800000000000e+03
   2.03000000000000e+03
   2.03200000000000e+03
   2.03400000000000e+03
   2.03600000000000e+03
   2.03800000000000e+03
   2.04000000000000e+03
   2.04200000000000e+03
   2.04400000000000e+03
   2.04600000000000e+03
   2.04800000000000e+03
   2.05000000000000e+03
   2.05200000000000e+03
   2.05400000000000e+03
   2.05600000000000e+03
   2.05800000000000e+03
   2.06000000000000e+03
   2.06200000000000e+03
   2.06400000000000e+03
   2.06600000000000e+03
   2.06800000000000e+03
   2.07000000000000e+03
   2.07200000000000e+03
   2.07400000000000e+03
   2.07600000000000e+03
   2.07800000000000e+03
   2.08000000000000e+03
   2.08200000000000e+03
   2.08400000000000e+03
   2.08600000000000e+03
   2.08800000000000e+03
   2.09000000000000e+03
   2.09200000000000e+03
   2.09400000000000e+03
   2.09600000000000e+03
   2.09800000000000e+03
   2.10000000000000e+03
   2.10200000000000e+03
   2.10400000000000e+03
   2.10600000000000e+03
   2.10800000000000e+03
   2.11000000000000e+03
   2.11200000000000e+03
   2.11400000000000e+03
   2.11600000000000e+03
   2.11800000000000e+03
   2.12000000000000e+03
   2.12200000000000e+03
   2.12400000000000e+03
   2.12600000000000e+03
   2.12800000000000e+03
   2.13000000000000e+03
   2.13200000000000e+03
   2.13400000000000e+03
   2.13600000000000e+03
   2.13800000000000e+03
   2.14000000000000e+03
   2.14200000000000e+03
   2.14400000000000e+03
   2.14600000000000e+03
   2.14800000000000e+03
   2.15000000000000e+03
   2.15200000000000e+03
   2.15400000000000e+03
   2.15600000000000e+03
   2.15800000000000e+03
   2.16000000000000e+03
   2.16200000000000e+03
   2.16400000000000e+03
   2.16600000000000e+03
   2.16800000000000e+03
   2.17000000000000e+03
   2.17200000000000e+03
   2.17400000000000e+03
   2.17600000000000e+03
   2.17800000000000e+03
   2.18000000000000e+03
   2.18200000000000e+03
   2.18400000000000e+03
   2.18600000000000e+03
   2.18800000000000e+03
   2.19000000000000e+03
   2.19200000000000e+03
   2.19400000000000e+03
   2.19600000000000e+03
   2.19800000000000e+03
   2.20000000000000e+03
   2.20200000000000e+03
   2.20400000000000e+03
   2.20600000000000e+03
   2.20800000000000e+03
   2.21000000000000e+03
   2.21200000000000e+03
   2.21400000000000e+03
   2.21600000000000e+03
   2.21800000000000e+03
   2.22000000000000e+03
   2.22200000000000e+03
   2.22400000000000e+03
   2.22600000000000e+03
   2.22800000000000e+03
   2.23000000000000e+03
   2.23200000000000e+03
   2.23400000000000e+03
   2.23600000000000e+03
   2.23800000000000e+03
   2.24000000000000e+03
   2.24200000000000e+03
   2.24400000000000e+03
   2.24600000000000e+03
   2.24800000000000e+03
   2.25000000000000e+03
   2.25200000000000e+03
   2.25400000000000e+03
   2.25600000000000e+03
   2.25800000000000e+03
   2.26000000000000e+03
   2.26200000000000e+03
   2.26400000000000e+03
   2.26600000000000e+03
   2.26800000000000e+03
   2.27000000000000e+03
   2.27200000000000e+03
   2.27400000000000e+03
   2.27600000000000e+03
   2.27800000000000e+03
   2.28000000000000e+03
