   3.40000000000000e+00   2.53468322046401e+00   2.49272513456970e+00   1.55972988834904e-01   1.14014902940593e-01   2.83438697917575e-01   2.41480612023264e-01   1.55891732073397e-01   1.13933646179086e-01
   3.44646464646465e+00   2.23524448973651e+00   2.17382120827346e+00   1.34053325422543e-01   7.26300439594998e-02   2.48516786419509e-01   1.87093504956465e-01   1.33977543295362e-01   7.25542618323185e-02
   3.49292929292929e+00   1.96976808816888e+00   1.88974257503219e+00   1.14181548288641e-01   3.41560351519468e-02   2.16891987432545e-01   1.36866474295851e-01   1.14110909308965e-01   3.40853961722715e-02
   3.53939393939394e+00   1.73446987793287e+00   1.63965941432906e+00   9.62031619616767e-02   1.39269835786170e-03   1.88298457756381e-01   9.34879941525659e-02   9.61373498227076e-02   1.32688621889257e-03
   3.58585858585859e+00   1.52598394384465e+00   1.42363844338311e+00   7.99728488483119e-02  -2.23726516132269e-02   1.62488422862914e-01   6.01429224013753e-02   7.99115624419677e-02  -2.24339380195710e-02
   3.63232323232323e+00   1.34131654816550e+00   1.24086535222580e+00   6.53541573522995e-02  -3.50970385874000e-02   1.39231283625182e-01   3.87800876854823e-02   6.52971106501173e-02  -3.51540852895822e-02
   3.67878787878788e+00   1.17780514540244e+00   1.08810047418958e+00   5.22191728610942e-02  -3.74854983517679e-02   1.18312727061034e-01   2.86080558481717e-02   5.21660946836044e-02  -3.75385765292577e-02
   3.72525252525253e+00   1.03308190158311e+00   9.60067352191064e-01   4.04481761723843e-02  -3.25663732196632e-02   9.95338474296322e-02   2.65192980375848e-02   4.03988098694028e-02  -3.26157395226447e-02
   3.77171717171717e+00   9.05041223437891e-01   8.51257673773856e-01   2.99292934343883e-02  -2.38542562296472e-02   8.27102830112244e-02   2.89267333471889e-02   2.98833964953629e-02  -2.39001531686727e-02
   3.81818181818182e+00   7.91810857194060e-01   7.57276587927625e-01   2.05581412040995e-02  -1.39761280623359e-02   6.76713729899055e-02   3.31371037234701e-02   2.05154848147518e-02  -1.40187844516836e-02
   3.86464646464646e+00   6.91726165004691e-01   6.75086107773240e-01   1.22374697879205e-02  -4.40258744353038e-03   5.42593380408095e-02   3.76192808093586e-02   1.21978383469338e-02  -4.44221888451706e-03
   3.91111111111111e+00   6.03307230052057e-01   6.02671323300454e-01   4.87680761999182e-03   4.24090086838882e-03   4.23284874923502e-02   4.16925807407472e-02   4.83999822733097e-03   4.20409147572798e-03
   3.95757575757576e+00   5.25238479663288e-01   5.38648382906760e-01  -1.60789094489469e-03   1.18020122985771e-02   3.17444552854255e-02   4.51543585288973e-02  -1.64206901831522e-03   1.17678342251566e-02
   4.00404040404040e+00   4.56350549872158e-01   4.81992413746049e-01  -7.29459239490255e-03   1.83472714789886e-02   2.23834663793019e-02   4.80253302531931e-02  -7.32631824810032e-03   1.83155456257909e-02
   4.05050505050505e+00   3.95604145216337e-01   4.31882591337035e-01  -1.22555236705842e-02   2.40229224501139e-02   1.41316347525910e-02   5.04100808732891e-02  -1.22849653172254e-02   2.39934808034727e-02
   4.09696969696970e+00   3.42075674584375e-01   3.87621799950486e-01  -1.65575031987800e-02   2.89886221673308e-02   6.88429371166284e-03   5.24304190777736e-02  -1.65848181102142e-02   2.89613072558966e-02
   4.14343434343434e+00   2.94944467986473e-01   3.48596617705574e-01  -2.02622621912479e-02   3.33898875278530e-02   5.45358842470250e-04   5.41975085615712e-02  -2.02875978333667e-02   3.33645518857342e-02
   4.18989898989899e+00   2.53481400543068e-01   3.14257360196822e-01  -2.34267552834940e-02   3.73492043702602e-02  -4.97327638027382e-03   5.58026832734804e-02  -2.34502496437968e-02   3.73257100099574e-02
   4.23636363636364e+00   2.17038769054835e-01   2.84107602573836e-01  -2.61034597995085e-02   4.09653737194926e-02  -9.75231258548682e-03   5.73165209335142e-02  -2.61252419015086e-02   4.09435916174924e-02
   4.28282828282828e+00   1.85041283494876e-01   2.57698008092458e-01  -2.83406631148849e-02   4.43160614826973e-02  -1.38655845871956e-02   5.87911400103866e-02  -2.83608535176244e-02   4.42958710799577e-02
   4.32929292929293e+00   1.56978050878031e-01   2.34622046169992e-01  -3.01827377556607e-02   4.74612575363010e-02  -1.73805702315879e-02   6.02634250603738e-02  -3.02014490366434e-02   4.74425462553183e-02
   4.37575757575758e+00   1.32395442417900e-01   2.14512519318259e-01  -3.16704040147512e-02   5.04466728856073e-02  -2.03588688397906e-02   6.17582080605679e-02  -3.16877412350582e-02   5.04293356653003e-02
   4.42222222222222e+00   1.10890746861136e-01   1.97038444584896e-01  -3.28409799936141e-02   5.33067177301456e-02  -2.28566501989404e-02   6.32910475248193e-02  -3.28570411443522e-02   5.32906565794074e-02
   4.46868686868687e+00   9.21065235529391e-02   1.81902118304723e-01  -3.37286190853222e-02   5.60669756664614e-02  -2.49250751489989e-02   6.48705196027847e-02  -3.37434955148737e-02   5.60520992369099e-02
   4.51515151515151e+00   7.57255782816347e-02   1.68836314399288e-01  -3.43645350080315e-02   5.87462011096213e-02  -2.66106888835589e-02   6.65000472340939e-02  -3.43783118298421e-02   5.87324242878107e-02
   4.56161616161616e+00   6.14664934021977e-02   1.57601613592458e-01  -3.47772145763507e-02   6.13579056139093e-02  -2.79557881327272e-02   6.81793320575329e-02  -3.47899710572132e-02   6.13451491330468e-02
   4.60808080808081e+00   4.90796512628295e-02   1.47983875184566e-01  -3.49926184637205e-02   6.39116054580160e-02  -2.89987634279139e-02   6.99054604938226e-02  -3.50044283926900e-02   6.38997955290465e-02
   4.65454545454545e+00   3.83436966571024e-02   1.39791863762823e-01  -3.50343702629018e-02   6.64137968428184e-02  -2.97744176645837e-02   7.16737494411365e-02  -3.50453023011275e-02   6.64028648045928e-02
   4.70101010101010e+00   2.90623899872718e-02   1.32855039190924e-01  -3.49239341952755e-02   6.88687150083767e-02  -3.03142621820671e-02   7.34783870215850e-02  -3.49340522071476e-02   6.88585969965046e-02
   4.74747474747475e+00   2.10618081328614e-02   1.27021513215872e-01  -3.46807818540169e-02   7.12789232289932e-02  -3.06467915714687e-02   7.53129135115415e-02  -3.46901452201224e-02   7.12695598628878e-02
   4.79393939393939e+00   1.41878547443393e-02   1.22156171551890e-01  -3.43225483923998e-02   7.36457684151505e-02  -3.07977384054093e-02   7.71705784021410e-02  -3.43312123048483e-02   7.36371045027020e-02
   4.84040404040404e+00   8.30404588859827e-03   1.18138956811899e-01  -3.38651785874826e-02   7.59697323358177e-02  -3.07903090584482e-02   7.90446018648521e-02  -3.38731943282202e-02   7.59617165950801e-02
   4.88686868686869e+00   3.28954071794897e-03   1.14863305179638e-01  -3.33230632221542e-02   7.82507012395352e-02  -3.06454017560073e-02   8.09283627056821e-02  -3.33304784249161e-02   7.82432860367734e-02
   4.93333333333333e+00  -9.62609831882257e-04   1.12234728110361e-01  -3.27091662357821e-02   8.04881717064608e-02  -3.03818079537449e-02   8.28155299884980e-02  -3.27160251323645e-02   8.04813128098784e-02
   4.97979797979798e+00  -4.54702034154653e-03   1.10169529434204e-01  -3.20351430962881e-02   8.26814066794624e-02  -3.00163981097186e-02   8.47001516660319e-02  -3.20414867478317e-02   8.26750630279188e-02
   5.02626262626263e+00  -7.54735559066322e-03   1.08593647842535e-01  -3.13114508450419e-02   8.48295525881561e-02  -2.95642928693040e-02   8.65767105638940e-02  -3.13173173590255e-02   8.48236860741725e-02
   5.07272727272727e+00  -1.00375616565392e-02   1.07441614719189e-01  -3.05474502611487e-02   8.69317261145792e-02  -2.90390206385459e-02   8.84401557371820e-02  -3.05528749947894e-02   8.69263013809385e-02
   5.11919191919192e+00  -1.20829603689894e-02   1.06655617520898e-01  -2.97515005840489e-02   8.89870773058387e-02  -2.84526624761148e-02   9.02859154137728e-02  -2.97565163347996e-02   8.89820615550880e-02
   5.16565656565657e+00  -1.37412221977967e-02   1.06184659326493e-01  -2.89310472233669e-02   9.09948343009225e-02  -2.78159851879548e-02   9.21098963363346e-02  -2.89356844071876e-02   9.09901971171018e-02
   5.21212121212121e+00  -1.50632309906276e-02   1.05983805697257e-01  -2.80927028730578e-02   9.29543338148266e-02  -2.71385634625354e-02   9.39084732253490e-02  -2.80969896911229e-02   9.29500469967614e-02
   5.25858585858586e+00  -1.60938525027245e-02   1.06013510573427e-01  -2.72423224335201e-02   9.48650406426310e-02  -2.64288918388072e-02   9.56784712373439e-02  -2.72462850280038e-02   9.48610780481473e-02
   5.30505050505051e+00  -1.68726173454339e-02   1.06239013540062e-01  -2.63850721307951e-02   9.67265587547004e-02  -2.56944872538520e-02   9.74171436316435e-02  -2.63887347303569e-02   9.67228961551387e-02
   5.35151515151515e+00  -1.74343278107743e-02   1.06629801405610e-01  -2.55254932065720e-02   9.85386360098127e-02  -2.49419828731106e-02   9.91221463432741e-02  -2.55288782621404e-02   9.85352509542442e-02
   5.39797979797980e+00  -1.78095969879655e-02   1.07159127632152e-01  -2.46675605367191e-02   1.00301164083398e-01  -2.41772138631914e-02   1.00791510756926e-01  -2.46706888481505e-02   1.00298035771967e-01
   5.44444444444444e+00  -1.80253276609966e-02   1.07803583726929e-01  -2.38147365196968e-02   1.02014174868228e-01  -2.34052957257979e-02   1.02423615662127e-01  -2.38176273538568e-02   1.02011284034068e-01
   5.49090909090909e+00  -1.81051376513465e-02   1.08542717243836e-01  -2.29700205596599e-02   1.03677834335522e-01  -2.26306957713883e-02   1.04017159123794e-01  -2.29726917604557e-02   1.03675163134727e-01
   5.53737373737374e+00  -1.80697375357018e-02   1.09358691547356e-01  -2.21359944525107e-02   1.05292434630547e-01  -2.18572982729143e-02   1.05571130810143e-01  -2.21384625433729e-02   1.05289966539684e-01
   5.58383838383838e+00  -1.79372660149760e-02   1.10235982958487e-01  -2.13148639667396e-02   1.06858385006723e-01  -2.10884638034217e-02   1.07084785170041e-01  -2.13171442460301e-02   1.06856104727433e-01
   5.63030303030303e+00  -1.77235876292612e-02   1.11161111332356e-01  -2.05084968947128e-02   1.08376202066905e-01  -2.03270832264990e-02   1.08557615735119e-01  -2.05106035245093e-02   1.08374095437108e-01
   5.67676767676768e+00  -1.74425569956406e-02   1.12122400511313e-01  -1.97184578342380e-02   1.09846499672715e-01  -1.95756267755215e-02   1.09989330731432e-01  -1.97204039229225e-02   1.09844553584031e-01
   5.72323232323232e+00  -1.71062532850363e-02   1.13109765456828e-01  -1.89460399448191e-02   1.11269978797045e-01  -1.88361886263802e-02   1.11379830115484e-01  -1.89478376238744e-02   1.11268181117990e-01
   5.76969696969697e+00  -1.67251882441950e-02   1.14114523190423e-01  -1.81922939080838e-02   1.12647417526534e-01  -1.81105273388644e-02   1.12729184095753e-01  -1.81939544034777e-02   1.12645757031140e-01
   5.81616161616162e+00  -1.63084907039733e-02   1.15129224970132e-01  -1.74580543074604e-02   1.13979661366645e-01  -1.74001025140746e-02   1.14037613160031e-01  -1.74595880059783e-02   1.13978127668127e-01
   5.86262626262626e+00  -1.58640701902952e-02   1.16147507397000e-01  -1.67439636283419e-02   1.15267613958953e-01  -1.67061079891157e-02   1.15305469598180e-01  -1.67453801392051e-02   1.15266197448090e-01
   5.90909090909091e+00  -1.53987619651239e-02   1.17163960387908e-01  -1.60504940667262e-02   1.16512228286306e-01  -1.60295018658226e-02   1.16533220487209e-01  -1.60518022788132e-02   1.16510920074219e-01
   5.95555555555556e+00  -1.49184555675763e-02   1.18174010168912e-01  -1.53779673216718e-02   1.17714498414816e-01  -1.53710336473405e-02   1.17721432089148e-01  -1.53791754566427e-02   1.17713290279846e-01
   6.00202020202020e+00  -1.44282086964166e-02   1.19173815639234e-01  -1.47265725348790e-02   1.18875451800772e-01  -1.47312687349520e-02   1.18870755600699e-01  -1.47276881964807e-02   1.18874336139170e-01
   6.04848484848485e+00  -1.39323480714916e-02   1.20160176632129e-01  -1.40963825292834e-02   1.19996142174337e-01  -1.41106105175573e-02   1.19981914186063e-01  -1.40974127491013e-02   1.19995111954519e-01
   6.09494949494949e+00  -1.34345587304229e-02   1.21130452756835e-01  -1.34873684877421e-02   1.21077642999516e-01  -1.35093202675986e-02   1.21055691219660e-01  -1.34883197676411e-02   1.21076691719617e-01
   6.14141414141414e+00  -1.29379630556098e-02   1.22082491647490e-01  -1.28994132026816e-02   1.22121041500418e-01  -1.29275350399085e-02   1.22092919663191e-01  -1.29002915541694e-02   1.22120163148930e-01
   6.18787878787879e+00  -1.24451906830975e-02   1.23014565571757e-01  -1.23323230179585e-02   1.23127433236896e-01  -1.23652837538839e-02   1.23094472500971e-01  -1.23331339986842e-02   1.23126622256171e-01
   6.23434343434343e+00  -1.19584403171991e-02   1.23925315465511e-01  -1.17858385751345e-02   1.24097917207575e-01  -1.18225016244823e-02   1.24061254158227e-01  -1.17865873227254e-02   1.24097168459984e-01
   6.28080808080808e+00  -1.14795343611626e-02   1.24813701561484e-01  -1.12596444678783e-02   1.25033591454768e-01  -1.12990430937215e-02   1.24994192828925e-01  -1.12603357313018e-02   1.25032900191344e-01
   6.32727272727273e+00  -1.10099671731192e-02   1.25678959870633e-01  -1.07533779002460e-02   1.25935549143507e-01  -1.07946934015958e-02   1.25894233642157e-01  -1.07540160688729e-02   1.25934910974880e-01
   6.37373737373737e+00  -1.05509476666397e-02   1.26520563856098e-01  -1.02666364371533e-02   1.26804875085584e-01  -1.03091789235092e-02   1.26762332599228e-01  -1.02672255676848e-02   1.26804285955052e-01
   6.42020202020202e+00  -1.01034368952442e-02   1.27338190712084e-01  -9.79898492839782e-03   1.27642642678930e-01  -9.84217639043539e-03   1.27599451216893e-01  -9.79952876981068e-03   1.27642098837517e-01
   6.46666666666667e+00  -9.66818118906444e-03   1.28131691724720e-01  -9.34996168111207e-03   1.28449911232672e-01  -9.39332109796277e-03   1.28406551815821e-01  -9.35046369776215e-03   1.28449409216022e-01
   6.51313131313131e+00  -9.24574134856710e-03   1.28901066249595e-01  -8.91908394948955e-03   1.29227723648673e-01  -8.96221420113139e-03   1.29184593397031e-01  -8.91954734250758e-03   1.29227260255655e-01
   6.55959595959596e+00  -8.83651834395713e-03   1.29646438892215e-01  -8.50585280501706e-03   1.29977104431156e-01  -8.54842918344799e-03   1.29934528052725e-01  -8.50628053211932e-03   1.29976676704053e-01
   6.60606060606061e+00  -8.44077591881051e-03   1.30368039523471e-01  -8.10975744523376e-03   1.30699057997048e-01  -8.15151758063860e-03   1.30657297861643e-01  -8.11015223906262e-03   1.30698663203219e-01
   6.65252525252525e+00  -8.05866045195845e-03   1.31066185803147e-01  -7.73027899420506e-03   1.31394567260900e-01  -7.77101403250336e-03   1.31353832222602e-01  -7.73064337930598e-03   1.31394202875799e-01
   6.69898989898990e+00  -7.69021839204479e-03   1.31741267920937e-01  -7.36689384342172e-03   1.32064592469560e-01  -7.40644072963875e-03   1.32025045583343e-01  -7.36723015195621e-03   1.32064256161025e-01
   6.74545454545454e+00  -7.33541154396493e-03   1.32393735296920e-01  -7.01907657769244e-03   1.32710070263193e-01  -7.05731131573903e-03   1.32671835525146e-01  -7.01938696397909e-03   1.32709759876906e-01
   6.79191919191919e+00  -6.99413045508215e-03   1.33024085012344e-01  -6.68630252676940e-03   1.33331912940657e-01  -6.72313430064302e-03   1.33295081166783e-01  -6.68658898073885e-03   1.33331626486688e-01
   6.83838383838384e+00  -6.66620612127794e-03   1.33632851767332e-01  -6.36804997991135e-03   1.33931007908699e-01  -6.40341603421587e-03   1.33895641854394e-01  -6.36831433955478e-03   1.33930743549055e-01
   6.88484848484848e+00  -6.35142020814110e-03   1.34220599185031e-01  -6.06380209732883e-03   1.34508217295843e-01  -6.09766328651014e-03   1.34474356106662e-01  -6.06404606021408e-03   1.34507973332958e-01
   6.93131313131313e+00  -6.04951396059859e-03   1.34787912302112e-01  -5.77304854945298e-03   1.35064377713258e-01  -5.80538547540643e-03   1.35032040787304e-01  -5.77327368337694e-03   1.35064152579334e-01
   6.97777777777778e+00  -5.76019595473162e-03   1.35335391103680e-01  -5.49528691220424e-03   1.35600300146208e-01  -5.52609657905478e-03   1.35569490479357e-01  -5.49549466504527e-03   1.35600092393367e-01
   7.02424242424242e+00  -5.48314882813903e-03   1.35863644976765e-01  -5.23002384389596e-03   1.36116769961008e-01  -5.25931676689994e-03   1.36087477038004e-01  -5.23021555272556e-03   1.36116578252179e-01
   7.07070707070707e+00  -5.21803510975968e-03   1.36373287970941e-01  -4.97677606707183e-03   1.36614547013629e-01  -5.00457377984426e-03   1.36586749300856e-01  -4.97695296658037e-03   1.36614370114120e-01
   7.11717171717172e+00  -4.96450225633944e-03   1.36864934767342e-01  -4.73507117643333e-03   1.37094365847248e-01  -4.76140408716055e-03   1.37068032936521e-01  -4.73523440672100e-03   1.37094202616960e-01
   7.16363636363636e+00  -4.72218699053041e-03   1.37339197268701e-01  -4.50444829204752e-03   1.37556935967184e-01  -4.52935384508670e-03   1.37532030414145e-01  -4.50459890582732e-03   1.37556785353404e-01
   7.21010101010101e+00  -4.49071902477495e-03   1.37796681733092e-01  -4.28445857522459e-03   1.38002942182642e-01  -4.30797967959486e-03   1.37979421078272e-01  -4.28459754448157e-03   1.38002803213385e-01
   7.25656565656566e+00  -4.26972424550197e-03   1.38237986382999e-01  -4.07466562280671e-03   1.38433045005694e-01  -4.09684931360926e-03   1.38410861314892e-01  -4.07479384495373e-03   1.38432916783547e-01
   7.30303030303030e+00  -4.05882742361495e-03   1.38663699429304e-01  -3.87464575410146e-03   1.38847881098817e-01  -3.89554205693015e-03   1.38826984795989e-01  -3.87476405766922e-03   1.38847762795249e-01
   7.34949494949495e+00  -3.85765450966067e-03   1.39074397456788e-01  -3.68398820331607e-03   1.39248063763133e-01  -3.70364917528955e-03   1.39228402791159e-01  -3.68409735321223e-03   1.39247954613236e-01
   7.39595959595960e+00  -3.66583456532766e-03   1.39470644124058e-01  -3.50229522909015e-03   1.39634183460295e-01  -3.52077415330153e-03   1.39615704536084e-01  -3.50239593145988e-03   1.39634082757925e-01
   7.44242424242424e+00  -3.48300137694215e-03   1.39852989136304e-01  -3.32918215157790e-03   1.40006808361668e-01  -3.34653286456189e-03   1.39989457648684e-01  -3.32927505829559e-03   1.40006715454951e-01
   7.48888888888889e+00  -3.30879479131855e-03   1.40221967454273e-01  -3.16427732648404e-03   1.40366484919108e-01  -3.18055366078446e-03   1.40350208584807e-01  -3.16436303930406e-03   1.40366399206288e-01
   7.53535353535353e+00  -3.14286180961161e-03   1.40578098707157e-01  -3.00722206450576e-03   1.40713738452263e-01  -3.02247739062291e-03   1.40698483126146e-01  -3.00730113889783e-03   1.40713659377871e-01
   7.58181818181818e+00  -2.98485747063685e-03   1.40921886781013e-01  -2.85767050376596e-03   1.41049073747884e-01  -2.87195735770592e-03   1.41034786893944e-01  -2.85774345245890e-03   1.41049000799191e-01
   7.62828282828283e+00  -2.83444555141978e-03   1.41253819557722e-01  -2.71528944203522e-03   1.41372975667106e-01  -2.72865922639906e-03   1.41359605882742e-01  -2.71535673829094e-03   1.41372908370851e-01
   7.67474747474747e+00  -2.69129910944723e-03   1.41574368782564e-01  -2.57975813482374e-03   1.41685909757188e-01  -2.59226088289050e-03   1.41673407009121e-01  -2.57982021546209e-03   1.41685847676549e-01
   7.72121212121212e+00  -2.55510088818069e-03   1.41883990041145e-01  -2.45076806477561e-03   1.41988322864551e-01  -2.46245225836909e-03   1.41976638670957e-01  -2.45082533296857e-03   1.41988265596358e-01
   7.76767676767677e+00  -2.42554360480924e-03   1.42183122828811e-01  -2.32802268720792e-03   1.42280643746412e-01  -2.33893512031636e-03   1.42269731313304e-01  -2.32807551506085e-03   1.42280590918559e-01
   7.81414141414141e+00  -2.30233013693262e-03   1.42472190697783e-01  -2.21123715610415e-03   1.42563283678611e-01  -2.22142283725969e-03   1.42553097997456e-01  -2.21128588704002e-03   1.42563234947676e-01
   7.86060606060606e+00  -2.18517362283888e-03   1.42751601469110e-01  -2.10013803438815e-03   1.42836637057561e-01  -2.10964012172669e-03   1.42827134970222e-01  -2.10018298534981e-03   1.42836592106599e-01
   7.90707070707071e+00  -2.07379748824776e-03   1.43021747498170e-01  -1.99446299186831e-03   1.43101081994549e-01  -2.00332275559354e-03   1.43092222230824e-01  -1.99450445535247e-03   1.43101040531065e-01
   7.95353535353535e+00  -1.96793541080404e-03   1.43283005983915e-01  -1.89396049384718e-03   1.43356980900872e-01  -1.90221730152840e-03   1.43348724093191e-01  -1.89399873978300e-03   1.43356942654936e-01
   8.00000000000000e+00  -1.86733123220090e-03   1.43535739313333e-01  -1.79838948303581e-03   1.43604681062498e-01  -1.80608080378841e-03   1.43596989741746e-01  -1.79842476051975e-03   1.43604645785014e-01
