   3.40000000000000e+00   9.47864264265947e-03   9.07932717688036e-03   9.14893678922742e-03   9.07935530809066e-03
   3.44646464646465e+00   7.91358383414181e-03   7.46439262996718e-03   7.53758495690990e-03   7.46511043495515e-03
   3.49292929292929e+00   3.98397805267982e-03   3.69749687443549e-03   3.74236886955979e-03   3.69865000614290e-03
   3.53939393939394e+00   2.43067610126371e-03   2.22247694556778e-03   2.25429447293802e-03   2.22381666013442e-03
   3.58585858585859e+00   1.94568561298598e-03   1.75907989208867e-03   1.78705594507753e-03   1.76045881713560e-03
   3.63232323232323e+00   1.95282823411804e-03   1.75114360274791e-03   1.78075937521688e-03   1.75238146951165e-03
   3.67878787878788e+00   2.49435363816341e-03   2.22613664604864e-03   2.26469525332951e-03   2.22711930070841e-03
   3.72525252525253e+00   4.20480446545594e-03   3.74724418694789e-03   3.81184664586199e-03   3.74793518433216e-03
   3.77171717171717e+00   7.12720050443274e-03   6.34591505808476e-03   6.45467037521963e-03   6.34621392364337e-03
   3.81818181818182e+00   5.57639530278047e-03   4.94870596327448e-03   5.03511176123539e-03   4.94892950891000e-03
   3.86464646464646e+00   2.95581456962853e-03   2.53857842943559e-03   2.59512210559090e-03   2.53957462914753e-03
   3.91111111111111e+00   1.82974981808707e-03   1.47298852453087e-03   1.52065645688294e-03   1.47474266204790e-03
   3.95757575757576e+00   1.39917100374846e-03   1.03357862209811e-03   1.08193514807329e-03   1.03613664615593e-03
   4.00404040404040e+00   1.25509940657441e-03   8.41613548434900e-04   8.95894854152495e-04   8.45178793348844e-04
   4.05050505050505e+00   1.25729731981823e-03   7.64899126757711e-04   8.29137298368967e-04   7.69770348202302e-04
   4.09696969696970e+00   1.35347371007043e-03   7.52636142006314e-04   8.30568659506966e-04   7.59161329415534e-04
   4.14343434343434e+00   1.51773708962765e-03   7.81551512402266e-04   8.76480161173526e-04   7.90036462858752e-04
   4.18989898989899e+00   1.72428322819019e-03   8.36704547823628e-04   9.50430200822133e-04   8.47230782541911e-04
   4.23636363636364e+00   1.93413366271366e-03   9.03557724723269e-04   1.03466906663948e-03   9.15743383132585e-04
   4.28282828282828e+00   2.09949302060128e-03   9.67178735571704e-04   1.11007686975502e-03   9.80083636358091e-04
   4.32929292929293e+00   2.18833517329454e-03   1.01733135231942e-03   1.16378386823510e-03   1.02973465922474e-03
   4.37575757575758e+00   2.20369315070354e-03   1.05244372298066e-03   1.19501476267810e-03   1.06334830028809e-03
   4.42222222222222e+00   2.17249119579888e-03   1.07634463357161e-03   1.21069231262021e-03   1.08527006040604e-03
   4.46868686868687e+00   2.12096185003778e-03   1.09222866496126e-03   1.21699835900150e-03   1.09915343367406e-03
   4.51515151515151e+00   2.06278968684052e-03   1.10017219541195e-03   1.21573432237846e-03   1.10533067128654e-03
   4.56161616161616e+00   2.00095798458946e-03   1.09816080539096e-03   1.20549707017636e-03   1.10187614581811e-03
   4.60808080808081e+00   1.93355612230232e-03   1.08401995082035e-03   1.18412317635550e-03   1.08661301049384e-03
   4.65454545454545e+00   1.85815832968749e-03   1.05676791453893e-03   1.15042975382370e-03   1.05851915621999e-03
   4.70101010101010e+00   1.77386956766155e-03   1.01708056167442e-03   1.10487745996758e-03   1.01821907455058e-03
   4.74747474747475e+00   1.68167123205280e-03   9.67054224528179e-04   1.04940496425752e-03   9.67758829413636e-04
   4.79393939393939e+00   1.58388455884155e-03   9.09605784480438e-04   9.86836465787352e-04   9.10011135988304e-04
   4.84040404040404e+00   1.48338816040654e-03   8.47830648471720e-04   9.20222608022274e-04   8.48035054154008e-04
   4.88686868686869e+00   1.38296352916711e-03   7.84521049514763e-04   8.52338037632018e-04   7.84594344351030e-04
   4.93333333333333e+00   1.28490475455196e-03   7.21908324913879e-04   7.85407801590426e-04   7.21898922870940e-04
   4.97979797979798e+00   1.19087482778831e-03   6.61596504904354e-04   7.21031578180432e-04   6.61537236105610e-04
   5.02626262626263e+00   1.10192769391373e-03   6.04617219515849e-04   6.60234421323960e-04   6.04529886682800e-04
   5.07272727272727e+00   1.01861311740539e-03   5.51540060244496e-04   6.03576151426277e-04   5.51438838687975e-04
   5.11919191919192e+00   9.41105144128278e-04   5.02593409585374e-04   5.51272759620629e-04   5.02487297826316e-04
   5.16565656565657e+00   8.69321250935666e-04   4.57771913544307e-04   5.03304958327825e-04   4.57666453316680e-04
   5.21212121212121e+00   8.03018660663829e-04   4.16921767720752e-04   4.59504512263515e-04   4.16820226774916e-04
   5.25858585858586e+00   7.41865606723403e-04   3.79803433644355e-04   4.19617755856963e-04   3.79707606298639e-04
   5.30505050505051e+00   6.85490613220319e-04   3.46135139930441e-04   3.83349615222389e-04   3.46045882011656e-04
   5.35151515151515e+00   6.33514547153552e-04   3.15621534116592e-04   3.50392540261395e-04   3.15539116517084e-04
   5.39797979797980e+00   5.85570107598955e-04   2.87971558410280e-04   3.20444482260996e-04   2.87895898368069e-04
   5.44444444444444e+00   5.41312628752311e-04   2.62908858562982e-04   2.93219285765326e-04   2.62839669322375e-04
   5.49090909090909e+00   5.00425145361830e-04   2.40177213858005e-04   2.68452030620234e-04   2.40114100285724e-04
   5.53737373737374e+00   4.62619839074014e-04   2.19542766965617e-04   2.45901137815981e-04   2.19485285636688e-04
   5.58383838383838e+00   4.27637325938711e-04   2.00794279940497e-04   2.25348488960167e-04   2.00741976032602e-04
   5.63030303030303e+00   3.95244757455766e-04   1.83742237407692e-04   2.06598395248338e-04   1.83694666579777e-04
   5.67676767676768e+00   3.65233361585952e-04   1.68217332276201e-04   1.89475959811193e-04   1.68174072922219e-04
   5.72323232323232e+00   3.37415812544638e-04   1.54068673523237e-04   1.73825177237303e-04   1.54029332938814e-04
   5.76969696969697e+00   3.11623659190908e-04   1.41161924381843e-04   1.59506980074484e-04   1.41126141153492e-04
   5.81616161616162e+00   2.87704937933883e-04   1.29377493044200e-04   1.46397354175042e-04   1.29344937159289e-04
   5.86262626262626e+00   2.65522029902571e-04   1.18608842428401e-04   1.34385588200439e-04   1.18579214069590e-04
   5.90909090909091e+00   2.44949781265925e-04   1.08760950525548e-04   1.23372687071513e-04   1.08733978162501e-04
   5.95555555555556e+00   2.25873881433857e-04   9.97489313669270e-05   1.13269957487352e-04   9.97243695286244e-05
   6.00202020202020e+00   2.08189480546233e-04   9.14968139960254e-05   1.03997760988100e-04   9.14744409577599e-05
   6.04848484848485e+00   1.91800021217884e-04   8.39364698314314e-05   9.54844231578293e-05   8.39160853541815e-05
   6.09494949494949e+00   1.76616257332073e-04   7.70066753689041e-05   8.76652843049330e-05   7.69880985672195e-05
   6.14141414141414e+00   1.62555433040927e-04   7.06522959214553e-05   8.04818759122031e-05   7.06353632972028e-05
   6.18787878787879e+00   1.49540596923417e-04   6.48235761452119e-05   7.38812074056797e-05   6.48081398006453e-05
   6.23434343434343e+00   1.37500028757044e-04   5.94755238762289e-05   6.78151487675749e-05   5.94614499055962e-05
   6.28080808080808e+00   1.26366759133644e-04   5.45673749499339e-05   6.22398958476347e-05   5.45545420007835e-05
   6.32727272727273e+00   1.16078164923203e-04   5.00621279687154e-05   5.71155066838788e-05   5.00504259599301e-05
   6.37373737373737e+00   1.06575626207387e-04   4.59261392915750e-05   5.24054985939058e-05   4.59154682734682e-05
   6.42020202020202e+00   9.78042326851915e-05   4.21287697672083e-05   4.80764971666728e-05   4.21190389087835e-05
   6.46666666666667e+00   8.97125296620142e-05   3.86420758789019e-05   4.40979295336256e-05   3.86332025679949e-05
   6.51313131313131e+00   8.22522955645817e-05   3.54405389993064e-05   4.04417554120461e-05   3.54324480423868e-05
   6.55959595959596e+00   7.53783444885319e-05   3.25008273619991e-05   3.70822303909381e-05   3.24934502716663e-05
   6.60606060606061e+00   6.90483486037663e-05   2.98015861492677e-05   3.39956967771618e-05   2.97948605087808e-05
   6.65252525252525e+00   6.32226763399412e-05   2.73232517803095e-05   3.11603980473189e-05   2.73171206757509e-05
   6.69898989898990e+00   5.78642431773331e-05   2.50478870716486e-05   2.85563135714943e-05   2.50422985834963e-05
   6.74545454545454e+00   5.29383726029124e-05   2.29590344431217e-05   2.61650108010941e-05   2.29539411900662e-05
   6.79191919191919e+00   4.84126653824003e-05   2.10415847691257e-05   2.39695125569987e-05   2.10369434979074e-05
   6.83838383838384e+00   4.42568757688581e-05   1.92816598360722e-05   2.19541774274852e-05   1.92774310519480e-05
   6.88484848484848e+00   4.04427936370056e-05   1.76665066723691e-05   2.01045915981809e-05   1.76626543055320e-05
   6.93131313131313e+00   3.69441318176558e-05   1.61844022749100e-05   1.84074706978235e-05   1.61808933788079e-05
   6.97777777777778e+00   3.37364181236062e-05   1.48245674731836e-05   1.68505704618151e-05   1.48213719512191e-05
   7.02424242424242e+00   3.07968917201580e-05   1.35770888549547e-05   1.54226051973750e-05   1.35741792125052e-05
   7.07070707070707e+00   2.81044036111590e-05   1.24328478313647e-05   1.41131731854434e-05   1.24301989504531e-05
   7.11717171717172e+00   2.56393210943921e-05   1.13834560488516e-05   1.29126882804174e-05   1.13810449831355e-05
   7.16363636363636e+00   2.33834360959414e-05   1.04211964643949e-05   1.18123170735783e-05   1.04190022524282e-05
   7.21010101010101e+00   2.13198773282029e-05   9.53896949255571e-06   1.08039210732958e-05   9.53697298752255e-06
   7.25656565656566e+00   1.94330262356278e-05   8.73024371039614e-06   9.88000342779953e-06   8.72842742472765e-06
   7.30303030303030e+00   1.77084367002530e-05   7.98901067197558e-06   9.03365977700323e-06   7.98735863544262e-06
   7.34949494949495e+00   1.61327584789131e-05   7.30974343970242e-06   8.25853287066263e-06   7.30824106973268e-06
   7.39595959595960e+00   1.46936643383419e-05   6.68735848701980e-06   7.54877063278896e-06   6.68599247012352e-06
   7.44242424242424e+00   1.33797808452136e-05   6.11718066710313e-06   6.89898738816666e-06   6.11593885040888e-06
   7.48888888888889e+00   1.21806227570809e-05   5.59491097659445e-06   6.30422799723131e-06   5.59378226859881e-06
   7.53535353535353e+00   1.10865309483069e-05   5.11659687285561e-06   5.75993467143534e-06   5.11557115258019e-06
   7.58181818181818e+00   1.00886137933214e-05   4.67860492858424e-06   5.26191626336388e-06   4.67767296241153e-06
   7.62828282828283e+00   9.17869191843781e-06   4.27759562956920e-06   4.80631984493016e-06   4.27674899509848e-06
   7.67474747474747e+00   8.34924622346512e-06   3.91050014041400e-06   4.38960440351109e-06   3.90973115673996e-06
   7.72121212121212e+00   7.59336906567408e-06   3.57449887968863e-06   4.00851650032334e-06   3.57380054355900e-06
   7.76767676767677e+00   6.90471849146220e-06   3.26700176055677e-06   3.66006774804669e-06   3.26636768791494e-06
   7.81414141414141e+00   6.27747539534754e-06   2.98562996578613e-06   3.34151397596298e-06   2.98505433824761e-06
   7.86060606060606e+00   5.70630348168439e-06   2.72819913744276e-06   3.05033596093627e-06   2.72767665329370e-06
   7.90707070707071e+00   5.18631190166038e-06   2.49270387171322e-06   2.78422161160069e-06   2.49222970105435e-06
   7.95353535353535e+00   4.71302043660891e-06   2.27730341837198e-06   2.54104950130544e-06   2.27687316206351e-06
   8.00000000000000e+00   4.28232709832797e-06   2.08030849256410e-06   2.31887365281489e-06   2.07991814465572e-06
